### GOLOVIN KERNEL ###
tspan = (0.0, 3600.0)
b = 1500 * 1e-12

# 3 RBF case 1
means = [6.8999999999999995, 9.2, 11.5]
stddevs = [2.3, 2.3, 2.3]
precomputation complete:  0.21022169000000002 sec
time stepping complete:  2.89294989 sec
times = [0.0, 0.45531338141944655, 5.008447195613912, 50.53978533755856, 253.4343852509262, 579.6922664128322, 997.90880742427, 1564.6080516368825, 2121.6306917835223, 2853.8132967292695, 3600.0]
M_0 = [20.235209362121495, 20.232062636681555, 20.200589978339274, 19.885389607648086, 18.478073186439467, 16.26756107053606, 13.685481047995035, 10.83002738669683, 8.729678833860184, 6.780251601580353, 5.427437824445736]
M_1 = [289479.7052063426, 289530.0857030769, 290032.7185671787, 294937.5951063056, 313708.2364626272, 331518.8396583615, 332759.4282847611, 309471.9278514534, 276396.95450229937, 234097.47730844558, 198342.33638501694]
M_2 = [3.7835424426821106e10, 3.784649222480193e10, 3.795697346512765e10, 3.904128467038746e10, 4.334030096097795e10, 4.804486295411811e10, 5.007207653999353e10, 4.791324312829535e10, 4.346860201294128e10, 3.725994570260097e10, 3.180015722210518e10]
c_init = [30.390395308813748, 4.2687480743025805, 1.754335416384207]
c_final = [6.24845792826372, 1.0049681168035078, 1.5034090103181144]
  5.648682 seconds (12.15 M allocations: 738.373 MiB, 9.91% gc time)

# 3 RBF case 2
means = [6.8999999999999995, 10.35, 13.799999999999999]
stddevs = [3.4499999999999997, 3.4499999999999997, 3.4499999999999997]
precomputation complete:  0.235129721 sec
time stepping complete:  2.564139792 sec
times = [0.0, 0.250675560573872, 2.757431166312592, 14.63598241663361, 34.22600318670957, 57.73102995203125, 87.32734597873517, 122.24844369041102, 163.516927021257, 211.9636839089908, 274.8715980613067, 333.47907886017, 405.96192251560194, 467.53928778276605, 537.0352483593902, 609.3763673486213, 691.33031356116, 781.769846840839, 884.8876884484553, 1002.2673256842041, 1137.648846660654, 1293.7936044144426, 1474.4134922700746, 1683.774288994323, 1927.9164027784857, 2215.1802947821448, 2557.6537659535593, 2972.8534805748145, 3486.2881018740513, 3600.0]
M_0 = [23.52639851560682, 23.52624189975281, 23.52488771020597, 23.524130206690447, 23.547240559237725, 23.62751062030455, 23.841767190342, 24.319011480220713, 25.26717468498295, 26.75076402658828, 28.014209433062884, 27.309892247408598, 24.61132601598301, 21.94743866573753, 19.22031530638383, 16.85977116997873, 14.719291610383337, 12.868250015420184, 11.231710465250858, 9.798830500929274, 8.534979499387589, 7.425822078045117, 6.453240934242795, 5.601466546367145, 4.853620247496091, 4.194300165292343, 3.6095011883880197, 3.0874705496844386, 2.6189973549366212, 2.533841736813793]
M_1 = [287160.0002353742, 287902.71467949013, 295505.3751570885, 336228.0462771032, 423711.98355484614, 572939.5284080427, 857756.2403228789, 1.3921094735142523e6, 2.3900050123546943e6, 4.041419546912226e6, 6.186512684026491e6, 7.202874284141735e6, 7.168532506367476e6, 6.641288211986084e6, 5.944025864548642e6, 5.275658090284491e6, 4.638896012427886e6, 4.072941057552515e6, 3.5645311664263657e6, 3.1150481171009545e6, 2.716193315260451e6, 2.364829833575715e6, 2.055995052772183e6, 1.7851130601277153e6, 1.5470552726550994e6, 1.3370505890202683e6, 1.1507107280279004e6, 984330.9710129228, 834998.0945068162, 807851.7150034239]
M_2 = [6.8467215728779175e10, 6.873952262296034e10, 7.152708838995633e10, 8.64621858097792e10, 1.1856225712471346e11, 1.7334464152666678e11, 2.7794956349833997e11, 4.742827178221579e11, 8.410898136924159e11, 1.4485037149640813e12, 2.238741723661239e12, 2.6153093501889175e12, 2.607036260973395e12, 2.416658175270896e12, 2.1636011020720571e12, 1.920625683421636e12, 1.6889696625806738e12, 1.4829940711379656e12, 1.2979217258354277e12, 1.1342791967052827e12, 9.890576174920266e11, 8.611213910961885e11, 7.486671487180369e11, 6.500306449567163e11, 5.633454686153416e11, 4.868748707828673e11, 4.190212258436837e11, 3.584356708634997e11, 3.0405747781382477e11, 2.941723664854703e11]
c_init = [45.59628549117689, 1.1754047535466252, 2.008020154765392]
c_final = [0.0001851959219943487, 1.7534444854718888e-6, 9.552311264523325]
  4.651434 seconds (12.43 M allocations: 761.959 MiB, 4.22% gc time)'

# 3 RBF case 3
means = [8.049999999999999, 9.889999999999999, 11.5]
stddevs = [2.3, 1.8399999999999999, 1.6099999999999999]
precomputation complete:  0.18783665100000002 sec
time stepping complete:  2.661748606 sec
times = [0.0, 0.27492770722406, 3.02420477946466, 30.516975501870657, 89.85310681895271, 169.58703407618688, 276.06968926870155, 416.41514014757513, 599.1383456887205, 834.6175006880419, 1136.1463800056333, 1521.257806359231, 2014.1955012439903, 2650.9553409725745, 3491.082018932093, 3600.0]
M_0 = [73.99927333866592, 73.98638248863699, 73.85766481809364, 72.58932059884681, 69.96422397347044, 66.66194068544023, 62.615535679636785, 57.83931386637436, 52.42421000962316, 46.53534748913614, 40.38836332299805, 34.2240473174536, 28.275111183011056, 22.73321348767502, 17.721844586781305, 17.205277999957392]
M_1 = [296893.34981744044, 296880.07787011063, 296747.2028972012, 295403.48376161495, 292420.67850015854, 288270.8021662634, 282556.8836330552, 274874.85002398305, 264856.8202904647, 252250.68383903362, 236975.4744297421, 219150.7162444044, 199062.53536983015, 177077.34725262524, 153524.38837690477, 150845.6924693313]
M_2 = [1.7131106349971724e9, 1.714094361432703e9, 1.7239118969073486e9, 1.820176912319889e9, 2.0171565682859886e9, 2.262286430264105e9, 2.5622103263171625e9, 2.921862288743177e9, 3.3461620564195104e9, 3.8377751605002546e9, 4.390322227079277e9, 4.9764903465627165e9, 5.537914567278636e9, 5.985662687291289e9, 6.215259194008791e9, 6.222786927599135e9]
c_init = [77.65606614850272, -8.207279688597172e-8, -1.4080126623580678e-8]
c_final = [14.779547591404846, 2.8468025913702366, 0.27489073433286804]
  4.816653 seconds (12.50 M allocations: 771.900 MiB, 3.10% gc time)




### HYDRO KERNEL ###
tspan = (0.0, 60.0)
c = 1.15e-14 * 1e9

# 3 RBF case 1
means = [6.8999999999999995, 9.2, 11.5]
stddevs = [2.3, 2.3, 2.3]
precomputation complete:  0.20503990000000002 sec
time stepping complete:  2.6780347410000003 sec
times = [0.0, 0.18744171391037076, 2.061858853014078, 5.932749581505824, 10.867892188249762, 17.192302763459573, 26.07641910239491, 35.02941617805753, 45.90164858973658, 58.73130262565819, 60.0]
M_0 = [20.235209362121495, 20.14506340436449, 19.223126280521292, 17.24280313325916, 14.725227397400356, 11.814288317761912, 8.652274801309837, 6.4757809651252, 4.764678006013786, 3.5179231036313983, 3.42414526458845]
M_1 = [289479.7052063426, 291383.59028287214, 310003.94611735706, 343973.32503853354, 372967.2352129664, 382833.6257973405, 359084.2000443782, 317611.1274134443, 267560.77633932565, 219471.4046443504, 215400.5599698051]
M_2 = [3.7835424426821106e10, 3.824403834132687e10, 4.2273982642256966e10, 4.9861741687055305e10, 5.696159186906424e10, 6.08926144909184e10, 5.890438509313611e10, 5.296591995435722e10, 4.512308012762172e10, 3.729469321677329e10, 3.6623372206157005e10]
c_init = [30.390395308813748, 4.2687480743025805, 1.754335416384207]
c_final = [2.9630763269253055, 0.30182549913532236, 1.740811030158536]
  4.835008 seconds (12.56 M allocations: 790.936 MiB, 4.75% gc time)

# 3 RBF case 2
means = [6.8999999999999995, 10.35, 13.799999999999999]
stddevs = [3.4499999999999997, 3.4499999999999997, 3.4499999999999997]
precomputation complete:  0.18822460500000002 sec
time stepping complete:  2.8110575630000003 sec
times = [0.0, 0.08033019129891104, 0.22298425448502646, 0.3985136349177272, 0.6193151867971265, 0.8837244606948229, 1.202520755192164, 1.6050039900983284, 2.0427769800349713, 2.519155680066767, 3.145929273238309, 3.684431494008526, 4.478599567883553, 5.361135628303898, 6.5510792934931095, 7.940822586628734, 9.728900348057126, 11.894272824234806, 14.674934281726596, 18.103241841518702, 22.511113964024833, 28.00794444932857, 35.09270462285301, 44.004901330914095, 55.52897617285196, 60.0]
M_0 = [23.52639851560682, 23.566164419002458, 23.662303000199554, 23.83665352555515, 24.1669277482539, 24.741856712860287, 25.567232522866426, 26.02727461878034, 24.648339719344627, 21.426553401572676, 16.958375239141326, 13.905244352527733, 10.716419903369303, 8.403533574205392, 6.4332716600633395, 5.011148189915374, 3.8796070781303453, 3.0343889213927517, 2.3638799295644732, 1.853567215109641, 1.4483065278149574, 1.1364794549117125, 0.8886520595399182, 0.6967677155229889, 0.5443160556588179, 0.5016571488921879]
M_1 = [287160.0002353742, 321584.0884155188, 399770.7257047324, 534484.9025552429, 784920.8747401116, 1.237449768220454e6, 2.008409511453743e6, 3.0759885805784846e6, 3.7613430544517115e6, 3.7670560257904944e6, 3.256587261742381e6, 2.7747302731073387e6, 2.2057455579969706e6, 1.762441999945494e6, 1.3685841713465862e6, 1.0762650201689147e6, 839306.6294713488, 659933.2569589715, 516247.3731222933, 406084.38048491976, 318107.1665590186, 250116.21290358691, 195893.60708985623, 153795.61802283136, 120275.36144180715, 110883.81948298764]
M_2 = [6.8467215728779175e10, 8.108904869755336e10, 1.0976405197688696e11, 1.5918639005453015e11, 2.5109955019245395e11, 4.1728181119109796e11, 7.007283808200283e11, 1.0944244568808549e12, 1.3499630776903447e12, 1.3573969558793054e12, 1.1761054632290364e12, 1.003035625435861e12, 7.979667710035365e11, 6.37897755876718e11, 4.9553132915225726e11, 3.897930093977213e11, 3.040384901502843e11, 2.3910052459676837e11, 1.8706811413832938e11, 1.4716646913520535e11, 1.1529494503894391e11, 9.066016477405374e10, 7.10115021332852e10, 5.57547694686665e10, 4.360553278245254e10, 4.020141699838609e10]
c_init = [45.59628549117689, 1.1754047535466252, 2.008020154765392]
c_final = [0.3206191805068857, 0.002086195996398664, 1.3049888910649214]
  4.845919 seconds (12.52 M allocations: 786.948 MiB, 4.44% gc time)

# 3 RBF case 3
means = [8.049999999999999, 9.889999999999999, 11.5]
stddevs = [2.3, 1.8399999999999999, 1.6099999999999999]
precomputation complete:  0.203849464 sec
time stepping complete:  2.787918249 sec
times = [0.0, 0.14631978540000712, 1.4554000821245934, 4.07978962069919, 7.734000995596573, 12.698870464074886, 19.27004765756481, 27.80700872758853, 38.782523226492394, 52.88431358153372, 60.0]
M_0 = [73.99927333866592, 73.91563840327967, 73.15213789995336, 71.54802341630845, 69.18597577924236, 65.8213146775756, 61.25661710473898, 55.407870906310784, 48.38988758872939, 40.554721042455405, 37.13785725176377]
M_1 = [296893.34981744044, 297024.22449860955, 298042.34928661655, 299306.2995234062, 299534.69146496267, 297470.83766529406, 291507.72358891624, 280001.5346592571, 261729.17177660545, 236384.6135812297, 223778.85428591724]
M_2 = [1.7131106349971724e9, 1.7267591167094686e9, 1.8482068428593237e9, 2.088586726989142e9, 2.417439822287297e9, 2.85270823365401e9, 3.39994500015378e9, 4.0367893492527304e9, 4.691671989662715e9, 5.240069116327493e9, 5.403499967967082e9]
c_init = [77.65606614850272, -8.207279688597172e-8, -1.4080126623580678e-8]
c_final = [35.63038619386025, 3.0050166933029807, 0.18027482780102153]
  4.896344 seconds (12.66 M allocations: 785.669 MiB, 4.58% gc time)