means = [7.999999999999998, 31.783896188074078, 126.27700711178382, 501.6969106227035, 1993.235315638687, 7919.098043832885, 31462.473766045667, 124999.99999999991]
stddevs = [3.458959752337636, 3.458959752337636, 2.7590364213156007, 2.7590364213156002, 2.7590364213156002, 2.7590364213156002, 2.759036421315601, 2.759036421315601]
times = [0.0, 0.4385346134375363, 1.654068445738672, 7.7610005589380275, 68.83032169093157, 616.2136948995786, 1209.438855528632, 2808.1145662927065, 4693.9812151442, 7192.222650488201, 10241.410969314993, 14090.198523766981, 14400.0]
M_0 = [79.67549212500677, 79.67374428323859, 79.66946307924641, 79.64795984146562, 79.43287750456071, 77.53361782674875, 75.47741188882546, 70.02182773484998, 63.91147139015451, 56.58632268681441, 48.952029562140694, 41.20235827305763, 40.63481003908146]
M_1 = [30000.490979458405, 30000.27962626442, 30001.77236492227, 30009.360295184688, 30084.450742663936, 30691.68894852943, 31228.545547827882, 32117.080302697806, 32318.234789979946, 31624.628664232205, 29960.275065411657, 29780.764754215164, 29874.609912682437]
M_2 = [2.8061809294351522e7, 2.8061399570426773e7, 2.807602048222734e7, 2.815139792630575e7, 2.890120620792221e7, 3.527387707657318e7, 4.154957827854997e7, 5.546349817345227e7, 6.699395674373278e7, 7.6067734993904e7, 8.076182375104494e7, 1.2992207957842644e8, 1.3653042281593844e8]
c_init = [0.0, 0.0, 47.255278641516504, 32.42021227343498, 0.0, 0.0, 1.2466821793675025e-6, 0.0]
c_final = [0.0, 0.5140535956936684, 21.253215250287642, 13.455875982507287, 5.1484632664148355, 0.306010432278386, 0.0, 0.0]
t_precip = [0.0, 145.45454545454547, 290.90909090909093, 436.3636363636364, 581.8181818181819, 727.2727272727273, 872.7272727272727, 1018.1818181818181, 1163.6363636363637, 1309.090909090909, 1454.5454545454545, 1600.0, 1745.4545454545455, 1890.909090909091, 2036.3636363636363, 2181.818181818182, 2327.2727272727275, 2472.7272727272725, 2618.181818181818, 2763.6363636363635, 2909.090909090909, 3054.5454545454545, 3200.0, 3345.4545454545455, 3490.909090909091, 3636.3636363636365, 3781.818181818182, 3927.2727272727275, 4072.7272727272725, 4218.181818181818, 4363.636363636364, 4509.090909090909, 4654.545454545455, 4800.0, 4945.454545454545, 5090.909090909091, 5236.363636363636, 5381.818181818182, 5527.272727272727, 5672.727272727273, 5818.181818181818, 5963.636363636364, 6109.090909090909, 6254.545454545455, 6400.0, 6545.454545454545, 6690.909090909091, 6836.363636363636, 6981.818181818182, 7127.272727272727, 7272.727272727273, 7418.181818181818, 7563.636363636364, 7709.090909090909, 7854.545454545455, 8000.0, 8145.454545454545, 8290.90909090909, 8436.363636363636, 8581.818181818182, 8727.272727272728, 8872.727272727272, 9018.181818181818, 9163.636363636364, 9309.09090909091, 9454.545454545454, 9600.0, 9745.454545454546, 9890.90909090909, 10036.363636363636, 10181.818181818182, 10327.272727272728, 10472.727272727272, 10618.181818181818, 10763.636363636364, 10909.09090909091, 11054.545454545454, 11200.0, 11345.454545454546, 11490.90909090909, 11636.363636363636, 11781.818181818182, 11927.272727272728, 12072.727272727272, 12218.181818181818, 12363.636363636364, 12509.09090909091, 12654.545454545454, 12800.0, 12945.454545454546, 13090.90909090909, 13236.363636363636, 13381.818181818182, 13527.272727272728, 13672.727272727272, 13818.181818181818, 13963.636363636364, 14109.09090909091, 14254.545454545454, 14400.0]
m_precip = [10307.418249371738, 10629.114015030715, 10942.683092769768, 11248.16127877697, 11545.617446055989, 11835.123520263518, 12116.757351892293, 12390.601585013592, 12656.743216370469, 12915.272833326617, 13166.317918520766, 13409.951818739584, 13646.277276222041, 13875.399057367495, 14097.42395273594, 14312.46077704791, 14520.62036918431, 14722.015592186675, 14916.761333257171, 15104.97450375825, 15286.772673327972, 15462.271991208268, 15631.592136373883, 15794.852674519007, 15952.172799553075, 16103.671333601176, 16249.466727003808, 16389.677058316844, 16524.42003431176, 16653.812989975428, 16777.972888510205, 16897.016321333882, 17011.059508079794, 17120.217179743213, 17224.60122744013, 17324.32455992399, 17419.498653745897, 17510.23340736555, 17596.63714115141, 17678.816597380584, 17756.87694023889, 17830.92175582082, 17901.05305212958, 17967.37125907702, 18029.975228483727, 18088.962234078972, 18144.427971500692, 18196.466558295517, 18245.17053391877, 18290.63085973447, 18332.936955454563, 18372.17630596091, 18408.433947524318, 18441.79324195713, 18472.33594094955, 18500.14218606975, 18525.290508763683, 18547.857830355257, 18567.9194620462, 18585.549104916186, 18600.818849922758, 18613.799177901277, 18624.55895956508, 18633.165455505325, 18639.68431619107, 18644.17958196925, 18646.71368306468, 18647.347439580095, 18646.14006149608, 18643.14914867107, 18638.430690841466, 18632.053822136957, 18624.124151279666, 18614.67803133718, 18603.744394553443, 18591.352550255124, 18577.53218485172, 18562.3133618354, 18545.726521781144, 18527.802482346702, 18508.572438272535, 18488.067961381912, 18530.28386450244, 18632.020257418946, 18777.42433637941, 18921.105862246874, 19062.943958738993, 19202.827821706884, 19340.656719135142, 19476.33999114188, 19609.797049978588, 19740.957380030348, 19869.76053781564, 19996.15615198644, 20120.103923328224, 20241.573624759898, 20360.54510133386, 20477.008076443373, 20590.944067586435, 20702.333441767816]
