# 20 RBF
means = [2.0794415416798357, 2.587685092974815, 3.0959286442697938, 3.604172195564773, 4.112415746859752, 4.620659298154731, 5.12890284944971, 5.637146400744689, 6.145389952039668, 6.653633503334647, 7.161877054629626, 7.670120605924605, 8.178364157219583, 8.686607708514563, 9.194851259809543, 9.70309481110452, 10.2113383623995, 10.71958191369448, 11.227825464989458, 11.736069016284437]
stddevs = [2.587685092974815, 2.587685092974815, 1.016487102589958, 1.016487102589958, 1.0164871025899584, 1.016487102589958, 1.0164871025899576, 1.0164871025899584, 1.0164871025899584, 1.0164871025899576, 1.0164871025899576, 1.0164871025899584, 1.0164871025899576, 1.0164871025899576, 1.0164871025899593, 1.0164871025899576, 1.0164871025899576, 1.0164871025899593, 1.0164871025899576, 1.0164871025899576]
mass computed is 0.0
mass computed is 30000.0
precomputation complete
times = [0.0, 0.33282965821087107, 3.6611262403195814, 34.65086806860766, 94.73563801820994, 168.0296577392416, 259.1123366426775, 366.04445388008673, 491.9176973923432, 638.3457933458529, 810.5929134214553, 1015.0919751539627, 1262.6370086633622, 1569.124589710764, 1961.2012543665385, 2481.2601320851495, 3126.5320361184226, 3874.318003198498, 4762.624489844913, 5697.945722995434, 6585.59017605624, 7434.84426906858, 8283.730427883402, 9168.09541739521, 10111.280217531785, 11124.436064352816, 12210.248992065257, 13368.129790919356, 14400.0]
M_0 = [98.54057171656736, 98.53906716193741, 98.5240239998614, 98.38416032658095, 98.11396782940503, 97.78598097592688, 97.38062545617821, 96.90764214334945, 96.35464070999329, 95.71619069874558, 94.9715718651024, 94.0962013891127, 93.04875569772915, 91.76980927136199, 90.16165737428571, 88.07533705784526, 85.55816595259311, 82.73633417470077, 79.5116932883123, 76.25950197238768, 73.30285833748943, 70.58730485410844, 67.97900122409789, 65.36984201461804, 62.70360754479783, 59.96747148978301, 57.17510829700278, 54.34878739766668, 51.95490527940963]
M_1 = [29999.88464316917, 29999.559663839707, 29996.334796194646, 29968.343128494667, 29922.83957917508, 29878.886747712757, 29836.115521559408, 29796.563765282637, 29759.09414337899, 29723.147957460045, 29687.582691203843, 29651.678645771954, 29614.58195643817, 29575.345057375733, 29532.31913786747, 29482.818326097775, 29427.96093832847, 29368.85986996382, 29301.45840872792, 29231.88839411173, 29166.41745224255, 29103.99890951944, 29041.695214383406, 28976.817665085593, 28907.644122434613, 28833.38207591996, 28753.893908151866, 28669.312275919016, 28594.15486371221]
M_2 = [4.384477600872634e7, 4.381563626521203e7, 4.3526894128713e7, 4.1054848935919315e7, 3.71899195858715e7, 3.368601274805186e7, 3.055204476259073e7, 2.7941981969671994e7, 2.57455931148176e7, 2.3889222796999503e7, 2.228409775661022e7, 2.089432125443414e7, 1.9712948546917927e7, 1.8767252981132217e7, 1.81076566806852e7, 1.7815804243637457e7, 1.796958882570238e7, 1.8522858657179665e7, 1.9459733398626007e7, 2.0648241941152968e7, 2.1922457701945648e7, 2.3262817691341937e7, 2.4718013705062307e7, 2.6357893682353973e7, 2.825176843917811e7, 3.0462674613121368e7, 3.3049425052602988e7, 3.607460284603301e7, 3.9020819387499444e7]
c_init = [-7.805362208685081e-7, 0.08424687390243363, 0.14444970022845155, 0.6344907226115178, 2.4568064633114672, 8.21725182949999, 21.86463794195137, 37.98451650833174, 26.038380245439242, 1.1297934271417411, 1.8862195429314415e-7, 4.114629490855887e-7, 0.00019389548247196532, 0.00013687072491141332, 0.00032553372617109903, 0.0004487065793971013, 0.000962600356613222, 0.0009702216206614449, 0.0033251791115707172, 0.0017293807673211133]
c_final = [0.0004830506848090871, 0.04372946740306509, 0.07515699689122975, 0.3224810734989223, 1.218814974671768, 3.84331559369015, 9.41593004863496, 13.661156081141021, 10.140879633959784, 6.775916087893388, 3.966223719438293, 1.861488856454507, 0.5756499800960833, 0.06848490084735698, -0.0055047205421629745, 0.0011344488649093851, 0.00048177960035790786, 0.0003142307855271721, -4.295705642491254e-5, 9.234684177511956e-6]
11.992572 seconds (72.26 M allocations: 2.805 GiB, 11.26% gc time)

# 15 RBF
means = [2.0794415416798357, 2.769200647008736, 3.458959752337636, 4.148718857666536, 4.838477962995436, 5.528237068324336, 6.217996173653236, 6.907755278982137, 7.597514384311037, 8.287273489639936, 8.977032594968836, 9.666791700297738, 10.356550805626638, 11.046309910955538, 11.736069016284437]
stddevs = [2.769200647008736, 2.769200647008736, 1.3795182106578001, 1.3795182106577997, 1.3795182106578006, 1.3795182106578006, 1.3795182106577997, 1.3795182106578006, 1.3795182106578006, 1.3795182106577997, 1.3795182106577997, 1.3795182106578014, 1.3795182106578014, 1.3795182106577997, 1.3795182106577997]
precomputation complete
times = [0.0, 0.211702248661023, 2.328724735271253, 23.498949601373553, 199.26207428656141, 528.6497712039668, 951.8242003163958, 1529.3150185877337, 2254.4378326996048, 3127.450568062627, 4122.704512274762, 5240.111183434679, 6491.749482621774, 7993.053255028687, 9792.77928234271, 11646.49940463472, 13542.569533146783, 14400.0]
M_0 = [96.1200183113462, 96.11908826195534, 96.10978828711701, 96.01684042691512, 95.24878444895606, 93.82673164275008, 92.032445354421, 89.641893279936, 86.73249453191612, 83.36128787963544, 79.68607975986119, 75.76293023307973, 71.60996190477908, 66.94451312960935, 61.773196404753556, 56.888138210220006, 52.314094560654816, 50.37556288389486]
M_1 = [29999.99835371523, 29999.980358725315, 29999.80040828653, 29998.00084828316, 29983.055957356013, 29955.037154419057, 29919.087170456027, 29870.308409062283, 29809.809827698955, 29738.28565674953, 29658.35651245722, 29570.072617463135, 29472.12613535259, 29355.066445884153, 29215.165352323595, 29072.652988615435, 28930.28506229904, 28867.377333126027]
M_2 = [1.3157831348684357e7, 1.3158132234804198e7, 1.3161139504253216e7, 1.3191053830987342e7, 1.3428821109566003e7, 1.3831060355747912e7, 1.4291336204547705e7, 1.4877087258035596e7, 1.5634142551523473e7, 1.6671882599548787e7, 1.8073655372245032e7, 1.99030057617162e7, 2.2181522814768538e7, 2.509675877327098e7, 2.87683498721029e7, 3.289548437883189e7, 3.785665341096837e7, 4.0461852375365525e7]
c_init = [-6.019138267544508e-7, 4.550189112796214e-8, 0.26458780751984956, 3.081912838010189, 13.91439923394419, 54.85847262751747, 24.00064620191532, 4.8522274934680645e-8, -1.7708443570740456e-8, 3.7839903098565557e-10, -3.970971485231851e-8, -2.420805281350034e-8, -1.6327989443664855e-8, -4.549492675781174e-9, -5.59425559296779e-9]
c_final = [0.035401625032722546, -0.05074718966408148, 0.190795258771248, 1.3722378026933966, 7.1092593126524735, 19.787539361071282, 11.32274834324932, 7.039991284869853, 3.01238893357546, 0.615306896377115, -0.053895961914860194, 0.0004244578805701363, 0.0025742081302876493, -0.0008599719363827908, 0.00018898434667855954]
7.677994 seconds (38.22 M allocations: 1.589 GiB, 6.10% gc time)

# 10 RBF
means = [2.0794415416798357, 3.152400149969236, 4.225358758258636, 5.298317366548036, 6.371275974837436, 7.444234583126836, 8.517193191416236, 9.590151799705637, 10.663110407995037, 11.736069016284437]
stddevs = [3.152400149969236, 3.152400149969236, 2.1459172165788005, 2.1459172165788005, 2.1459172165788, 2.1459172165788, 2.1459172165788, 2.145917216578801, 2.1459172165788, 2.1459172165788]
mass computed is 0.0
mass computed is 30000.0
precomputation complete
times = [0.0, 0.41501818832121884, 4.565200071533407, 46.06701890365528, 304.60074827258677, 791.4294391688493, 1447.290962175136, 2313.6888511704874, 3420.6102158506555, 4812.516678142996, 6547.225829954493, 8719.293673982147, 11037.725061685314, 13565.394453038261, 14400.0]
M_0 = [94.36247349993987, 94.36070180137119, 94.3429867488643, 94.16602939482688, 93.07155001531397, 91.04691658684914, 88.39242996366225, 85.00972456615602, 80.8829516142347, 75.98500851270482, 70.30231137590133, 63.79447495012553, 57.534273365908795, 51.44980996840393, 49.598627197578196]
M_1 = [30000.007061367025, 29999.952904310598, 29999.411482740525, 29994.01229543639, 29961.026623577225, 29902.290384292566, 29831.04997775531, 29751.884035128813, 29674.68760315751, 29608.17187177399, 29549.823304658097, 29466.333567155776, 29310.373210362366, 29033.101673163892, 28919.40388384042]
M_2 = [1.7448457153131403e7, 1.7446636623870533e7, 1.7428444071485363e7, 1.7247808670058973e7, 1.6179545764172915e7, 1.4479808510731632e7, 1.296622856636282e7, 1.2543193154020665e7, 1.475112235854738e7, 2.1518866493509296e7, 3.428180243705111e7, 5.195273172438513e7, 6.565297748491864e7, 6.815425252298172e7, 6.577559381377333e7]
c_init = [1.0923031644363551e-6, 6.561151551136117e-7, 4.985052979909079e-7, 78.44460888051448, 15.917861827377253, 5.836764144295145e-7, 2.592004599747149e-7, 2.388194084207581e-7, 5.0036783644661086e-8, 3.737913412857799e-8]
c_final = [0.5379454215975971, -1.037512991637492, 2.1495316960607003, 29.926916486950663, 12.507740402330734, 5.061605828875938, 0.7568091563127389, -0.1849367007140167, 0.026643149388451536, -0.0019519830108893112]
6.500927 seconds (23.64 M allocations: 1.072 GiB, 5.46% gc time)

# 5 RBF
means = [2.0794415416798357, 4.4935984103309865, 6.907755278982137, 9.321912147633286, 11.736069016284437]
stddevs = [4.4935984103309865, 4.4935984103309865, 4.828313737302301, 4.8283137373023, 4.828313737302301]
precomputation complete
times = [0.0, 0.724657337251102, 7.971230709762122, 80.43696443487232, 805.0943016859742, 3145.4852108189066, 6519.64082272459, 10588.611344572602, 14400.0]
M_0 = [45.16029395241076, 45.15885030461619, 45.14441516673245, 45.00019785756958, 43.571519009211656, 39.13286552657432, 33.271886093639125, 27.200395743511052, 22.55829644624319]
M_1 = [29992.688900610705, 29993.139794401934, 29997.64903755756, 30042.770054198078, 30494.919099951265, 31879.45241655878, 33288.36748146153, 33626.43157582896, 32698.44824582898]
M_2 = [1.576786792032852e9, 1.5768468348143036e9, 1.5774472640651817e9, 1.5834515488136163e9, 1.64334326612464e9, 1.827968946116031e9, 2.0394065917520394e9, 2.171206436234008e9, 2.1792686660057344e9]
c_init = [-2.522374804211273e-9, 46.050577256210595, -1.9402438650661365e-10, -8.242142934177158e-11, 0.7833032166154562]
c_final = [0.20879836792458062, 21.491189852053694, 1.4272246974169016, -0.5470610992581307, 1.3191775851886673]
5.661756 seconds (14.64 M allocations: 769.704 MiB, 3.89% gc time)