# Const kern, 8 RBF
means = [2.0794415416798357, 3.458959752337636, 4.838477962995436, 6.217996173653236, 7.597514384311037, 8.977032594968836, 10.356550805626638, 11.736069016284437]
stddevs = [3.458959752337636, 3.458959752337636, 2.7590364213156007, 2.7590364213156002, 2.7590364213156002, 2.7590364213156002, 2.759036421315601, 2.759036421315601]
times = [0.0, 0.27304293186219186, 0.8654345548913445, 6.413233484730371, 11.785283782254105, 26.660209056490483, 43.72901689812435, 68.02487068876673, 99.03939707475885, 140.98210837296386, 196.8858037776141, 274.53131048582406, 391.4713301278826, 529.0657083691528, 705.5019639973568, 875.3013823968995, 1141.9890224164747, 1389.5772080146737, 1778.8388166210914, 2276.9216169035863, 2869.5609707558647, 3600.0]
M_0 = [79.67549212500677, 79.58738037051528, 79.39733765142473, 77.66716317133472, 76.06821860638023, 71.9767750865316, 67.80772352538955, 62.66122778005813, 57.14336001220575, 51.07204337801818, 44.728605668017295, 38.10743954487066, 31.06481768419392, 25.3951091030408, 20.449708340033666, 17.13223558927261, 13.961680035996038, 11.924299782791062, 9.68306042353024, 7.775997138121705, 6.265473364833987, 5.021731619305023]
M_1 = [30000.490979458405, 30007.34070285568, 30024.0126219649, 30187.40204928832, 30357.188881669575, 30873.074958796013, 31514.09054829911, 32447.250158425657, 33575.90754062936, 34867.635961727116, 36076.006176427916, 36842.40944276199, 36542.56978852981, 34957.21077044778, 32215.918374116623, 29507.81052598131, 32670.44390112586, 34829.96776606983, 36376.06732895086, 36220.36862596887, 34512.57078120855, 31662.520731616372]
M_2 = [2.8061809294351522e7, 2.8143940834193166e7, 2.8336668984650437e7, 3.0201364303254716e7, 3.2103248685846884e7, 3.7758492325414315e7, 4.468642236074477e7, 5.480717902048418e7, 6.739071162920368e7, 8.281454132734159e7, 9.965407060310304e7, 1.1613307043035325e8, 1.292254693199483e8, 1.3346308995244503e8, 1.3030410740499754e8, 1.2363736965989971e8, 2.5414625942263916e8, 3.514514272247298e8, 4.49954757609748e8, 5.0898882627425903e8, 5.250441044176302e8, 5.0852780614063424e8]
c_init = [0.0, 0.0, 47.255278641516504, 32.42021227343498, 0.0, 0.0, 1.2466821793675025e-6, 0.0]
c_final = [0.0, 0.0027235197958923344, 0.20483984403120184, 0.47085824554469297, 1.8891770402191033, 2.4543597736937, 0.0, 0.0]
  4.759571 seconds (13.96 M allocations: 676.361 MiB, 3.18% gc time, 89.96% compilation time)

# Const kern, 16 RBF
means = [2.0794415416798357, 2.723216706653476, 3.366991871627116, 4.010767036600756, 4.6545422015743965, 5.298317366548036, 5.942092531521676, 6.585867696495317, 7.229642861468957, 7.873418026442597, 8.517193191416236, 9.160968356389876, 9.804743521363518, 10.448518686337158, 11.092293851310798, 11.736069016284437]
stddevs = [2.723216706653476, 2.723216706653476, 1.2875503299472801, 1.2875503299472797, 1.2875503299472806, 1.2875503299472806, 1.2875503299472797, 1.2875503299472806, 1.2875503299472806, 1.2875503299472797, 1.2875503299472797, 1.2875503299472797, 1.2875503299472815, 1.2875503299472815, 1.2875503299472797, 1.2875503299472797]
times = [0.0, 0.2066362141708451, 1.1524791197321738, 5.659011104238612, 13.29955232197099, 22.46407287675943, 36.641812167298134, 54.47376202234043, 78.69323714485226, 92.68880041593646, 126.38084369789797, 155.88651088317832, 199.83878186052638, 256.8971897797991, 292.1234334369096, 374.87295786046946, 445.73873140098965, 552.5382337852554, 618.5122678296108, 756.5248808307606, 900.8403474144146, 1089.784723731683, 1328.0486834016942, 1525.5488456083924, 1907.8601470071776, 2268.198101251717, 2614.6375057711507, 3029.691852868658, 3600.0]
M_0 = [98.55395318330008, 98.4584870989348, 98.02319318425934, 95.98669375779066, 92.67126343629474, 88.91150978058788, 83.52890839205645, 77.43822527271358, 70.70088302513606, 67.36350925995214, 60.45894214506742, 55.427096870359634, 49.216078411909635, 43.054557393846494, 39.99878611231917, 34.263046357565536, 30.47943944574383, 26.099413818015833, 24.013073607229444, 20.571687038331177, 17.8772337114811, 15.230970005045679, 12.860701274184706, 11.39947758248935, 9.335232015325179, 7.958458927379537, 6.98077424496279, 6.089012436812529, 5.178539632764664]
M_1 = [29999.86917809021, 30008.004909897718, 30044.04337800314, 30189.639047130662, 30346.284715715126, 30406.200743431025, 30279.359964272142, 29845.877473021104, 29813.464791444178, 29903.54445060141, 29987.835627454668, 29878.57724491344, 29428.34733361998, 29306.765285764548, 29386.912183584176, 29396.51457517748, 29163.211083571197, 28669.03684141727, 28742.625197747886, 28837.464773597025, 28729.241481821344, 28241.764986756418, 28167.314564938122, 28245.05434312641, 28113.425544626472, 27632.322812457933, 27517.927511191734, 27508.8847319779, 27464.2490388415]
M_2 = [4.1145748088801e7, 4.11722385001169e7, 4.1292029587077e7, 4.1830895053553805e7, 4.26319558539556e7, 4.3416388948092565e7, 4.432815309319627e7, 4.507175280652585e7, 4.7099793878319345e7, 4.8513371774401516e7, 5.156726277612161e7, 5.374953671499201e7, 5.6337670609854504e7, 6.1032360544716015e7, 6.4545668975828186e7, 7.188043473832023e7, 7.682737657426319e7, 8.28421202318081e7, 8.916332583004145e7, 1.019810725829128e8, 1.1300916808719224e8, 1.2323269444170201e8, 1.4381461533089003e8, 1.6180945998063755e8, 1.907521012372694e8, 2.0985612582901955e8, 2.3304245187954158e8, 2.6324662512613598e8, 3.0640412862174994e8]
c_init = [2.682293094235537e-7, 0.11368675712666033, 0.3089741108173597, 2.1308555165246084, 9.668604459119233, 36.86289946850339, 48.43347989044781, 1.0524946254210847, 2.240818304754838e-7, -1.4437048794157132e-9, 0.0002508356578287121, 0.0002676815975738531, 0.0008424272923086968, 0.0007558462809977481, 0.00365367065368047, 0.0021424151624065764]
c_final = [5.373605006999298e-5, 0.00027145305136123195, 0.0010108695653906854, 0.006269949747173466, 0.030432058290099182, 0.11247643921065675, 0.22744637653903504, 0.4016238799606332, 0.6865246616402807, 1.0600967784816173, 1.3325389713436326, 1.062394689858159, 0.25561676662374216, 0.0, 0.0, 0.0037331199218913536]
  5.872709 seconds (34.36 M allocations: 1.351 GiB, 5.12% gc time, 74.16% compilation time)


# Golovin kern, 8 RBF
means = [2.0794415416798357, 3.458959752337636, 4.838477962995436, 6.217996173653236, 7.597514384311037, 8.977032594968836, 10.356550805626638, 11.736069016284437]
stddevs = [3.458959752337636, 3.458959752337636, 2.7590364213156007, 2.7590364213156002, 2.7590364213156002, 2.7590364213156002, 2.759036421315601, 2.759036421315601]
precomputation complete
times = [0.0, 0.4385346134375363, 1.654068445738672, 7.7610005589380275, 68.83032169093157, 616.2136948995786, 1209.438855528632, 2808.1145662927065, 4693.9812151442, 7192.222650488201, 10241.410969314993, 14090.198523766981, 14400.0]
M_0 = [79.67549212500677, 79.67374428323859, 79.66946307924641, 79.64795984146562, 79.43287750456071, 77.53361782674875, 75.47741188882546, 70.02182773484998, 63.91147139015451, 56.58632268681441, 48.952029562140694, 41.20235827305763, 40.63481003908146]
M_1 = [30000.490979458405, 30000.27962626442, 30001.77236492227, 30009.360295184688, 30084.450742663936, 30691.68894852943, 31228.545547827882, 32117.080302697806, 32318.234789979946, 31624.628664232205, 29960.275065411657, 29780.764754215164, 29874.609912682437]
M_2 = [2.8061809294351522e7, 2.8061399570426773e7, 2.807602048222734e7, 2.815139792630575e7, 2.890120620792221e7, 3.527387707657318e7, 4.154957827854997e7, 5.546349817345227e7, 6.699395674373278e7, 7.6067734993904e7, 8.076182375104494e7, 1.2992207957842644e8, 1.3653042281593844e8]
c_init = [0.0, 0.0, 47.255278641516504, 32.42021227343498, 0.0, 0.0, 1.2466821793675025e-6, 0.0]
c_final = [0.0, 0.5140535956936684, 21.253215250287642, 13.455875982507287, 5.1484632664148355, 0.306010432278386, 0.0, 0.0]
  4.480008 seconds (12.86 M allocations: 612.042 MiB, 3.27% gc time, 88.95% compilation time)

# Golovin, 16 RBF
means = [2.0794415416798357, 2.723216706653476, 3.366991871627116, 4.010767036600756, 4.6545422015743965, 5.298317366548036, 5.942092531521676, 6.585867696495317, 7.229642861468957, 7.873418026442597, 8.517193191416236, 9.160968356389876, 9.804743521363518, 10.448518686337158, 11.092293851310798, 11.736069016284437]
stddevs = [2.723216706653476, 2.723216706653476, 1.2875503299472801, 1.2875503299472797, 1.2875503299472806, 1.2875503299472806, 1.2875503299472797, 1.2875503299472806, 1.2875503299472806, 1.2875503299472797, 1.2875503299472797, 1.2875503299472797, 1.2875503299472815, 1.2875503299472815, 1.2875503299472797, 1.2875503299472797]
precomputation complete
times = [0.0, 0.4207383164258607, 3.204203260422012, 31.038852700383526, 147.80196208949621, 326.464411172797, 534.1159339889243, 792.3035937725466, 1057.279071618542, 1794.107236459694, 2126.8972355055466, 2506.7181435944317, 3644.0817516097027, 4550.856112330572, 5920.021751354097, 7419.805921226899, 8496.89005990247, 11018.646234230535, 13032.524341591341, 14400.0]
M_0 = [98.55395318330008, 98.55212885595884, 98.54006051179755, 98.41937022711824, 97.91296659524467, 97.13785308444636, 96.23699980032494, 95.11789199937358, 93.97168495557099, 90.81936944718728, 89.46378497097204, 87.95560665200172, 83.58906726447749, 80.25504205044794, 75.45383371145967, 70.56450225654481, 67.28478308751937, 60.19327253955259, 55.10415635388152, 51.92056439169682]
M_1 = [29999.86917809021, 29999.8052946266, 29999.385199565284, 29995.2835968669, 29979.56135437035, 29957.444611091032, 29930.177889693234, 29893.927929692964, 29841.53854300183, 29636.905153237098, 29588.15589292177, 29574.77389772698, 29532.532300644205, 29463.470527953505, 29257.705220021846, 29068.249319440627, 29033.913541661448, 28826.99585100353, 28613.604836054536, 28560.708089679974]
M_2 = [4.1145748088801e7, 4.113363755453208e7, 4.105379632971588e7, 4.028125077185126e7, 3.749770568203085e7, 3.435510080308969e7, 3.1857520787648756e7, 3.0409505682361353e7, 2.9287846294945024e7, 2.684842505815773e7, 2.599372112394819e7, 2.53912382259855e7, 2.4459670789281465e7, 2.4324262610519115e7, 2.471630899230639e7, 2.6138389961394563e7, 2.784855344865197e7, 3.242707704103349e7, 3.664550487014669e7, 4.095653114276226e7]
c_init = [2.682293094235537e-7, 0.11368675712666033, 0.3089741108173597, 2.1308555165246084, 9.668604459119233, 36.86289946850339, 48.43347989044781, 1.0524946254210847, 2.240818304754838e-7, -1.4437048794157132e-9, 0.0002508356578287121, 0.0002676815975738531, 0.0008424272923086968, 0.0007558462809977481, 0.00365367065368047, 0.0021424151624065764]
c_final = [0.006962458437621723, 0.050139839149885505, 0.16841774563267856, 1.0447940056736487, 4.690622995895351, 15.272993569375624, 15.771541837485273, 8.845655370323675, 4.504165876195047, 1.4550377234834342, 0.12260637999613501, 0.0, 0.0, 0.0014380994306898197, 0.00014643859087390323, 0.0]
  5.540917 seconds (33.32 M allocations: 1.300 GiB, 6.15% gc time, 72.98% compilation time)

# Golovin, Gamma MOM
t_cloudy=[0.0, 0.0703629618892104, 0.7739925807813144, 7.810288769702353, 78.17325065891274, 332.96632647972496, 708.9926352488968, 1146.7530379830864, 1682.0578772426122, 2286.95127839397, 2967.1869216731557, 3707.555735026364, 4503.717272822825, 5345.787177205781, 6227.594972271806, 7142.174107221832, 8084.206893345101, 9048.733865962606, 10031.808191926413, 11029.980840867936, 12040.474930419781, 13060.9641613351, 14089.560666271733, 14400.0]
M0_cloudy=[100.0, 99.99968336717278, 99.99651709404105, 99.96485987612463, 99.64883839166667, 98.51282091649135, 96.85989155820134, 94.97049831117603, 92.7101149505786, 90.22056355919875, 87.50069835335086, 84.63350072718961, 81.65498809328184, 78.61871402479096, 75.56010348728601, 72.51347097583594, 69.50376166544682, 66.55157174190225, 63.67161235648092, 60.87490666339742, 58.168781711877664, 55.55795992121803, 53.04496531380952, 52.309091310455784]
M1_cloudy=[30000.0, 30000.0, 30000.0, 30000.0, 30000.0, 30000.0, 30000.0, 30000.0, 30000.0, 30000.0, 30000.0, 30000.0, 30000.0, 30000.0, 30000.0, 30000.0, 30000.0, 30000.0, 30000.0, 30000.0, 30000.0, 30000.0, 30000.0, 30000.0]
M2_cloudy=[1.2e7, 1.2000075992239457e7, 1.2000835941102454e7, 1.2008438077195717e7, 1.208472480583193e7, 1.2365045975601299e7, 1.279066984735885e7, 1.3304660976647563e7, 1.3961336893240936e7, 1.474246735943835e7, 1.5673219205201568e7, 1.6753156125860907e7, 1.7997650189580247e7, 1.9414641458096724e7, 2.101823086023456e7, 2.2821482778402578e7, 2.484074553810165e7, 2.7093468871045563e7, 2.9599852763743173e7, 3.238207165082766e7, 3.546510990461819e7, 3.8876634879968695e7, 4.2647434079438046e7, 4.385578555954906e7]

# Hydrodynamic, 8 RBF
means = [2.0794415416798357, 3.458959752337636, 4.838477962995436, 6.217996173653236, 7.597514384311037, 8.977032594968836, 10.356550805626638, 11.736069016284437]
stddevs = [3.458959752337636, 3.458959752337636, 2.7590364213156007, 2.7590364213156002, 2.7590364213156002, 2.7590364213156002, 2.759036421315601, 2.759036421315601]
precomputation complete
times = [0.0, 0.21359375084299992, 0.5927097525212406, 4.383869769303647, 22.112585214433512, 41.80876932299057, 79.5158861344812, 131.75248983696815, 201.8312169437263, 295.35877073837264, 345.7917189063318, 465.12344646126803, 545.5427667475208, 639.3539327697891, 720.0]
M_0 = [79.67549212500677, 79.65069651093829, 79.60701733478234, 79.1679826717613, 77.07185323698073, 74.67746128284007, 69.99489612272603, 63.55987056060965, 55.489836824130634, 45.8947520501906, 40.814820259241046, 29.9114074259144, 23.361642029476513, 17.1662354114462, 13.243867721861218]
M_1 = [30000.490979458405, 30004.73659250845, 30013.60749560962, 30099.320423227484, 30429.185987111843, 30666.50866358911, 30786.124387694203, 30367.893388959244, 29095.668633772257, 28632.974538641687, 28257.84391326762, 27053.340619792496, 25663.74077588153, 22920.783761337938, 20096.759539111205]
M_2 = [2.8061809294351522e7, 2.8118047187271524e7, 2.8228745614006035e7, 2.932474052022788e7, 3.41789846223036e7, 3.90557413814743e7, 4.696003488678248e7, 5.5052661985651724e7, 6.165083137877702e7, 1.0744414861692588e8, 1.388594964177446e8, 2.869540636115668e8, 4.285061013472834e8, 5.465889452668406e8, 5.772169377647859e8]
c_init = [0.0, 0.0, 47.255278641516504, 32.42021227343498, 0.0, 0.0, 1.2466821793675025e-6, 0.0]
c_final = [0.0, 0.2251851698705921, 6.5542620154472315, 4.472510156679106, 1.3910165090609987, 0.44707356677512117, 0.15170582920841535, 0.05350149313197686]
  4.509378 seconds (13.71 M allocations: 641.146 MiB, 3.40% gc time, 87.52% compilation time)

# Hydrodynamic 16 RBF
means = [2.0794415416798357, 2.723216706653476, 3.366991871627116, 4.010767036600756, 4.6545422015743965, 5.298317366548036, 5.942092531521676, 6.585867696495317, 7.229642861468957, 7.873418026442597, 8.517193191416236, 9.160968356389876, 9.804743521363518, 10.448518686337158, 11.092293851310798, 11.736069016284437]
stddevs = [2.723216706653476, 2.723216706653476, 1.2875503299472801, 1.2875503299472797, 1.2875503299472806, 1.2875503299472806, 1.2875503299472797, 1.2875503299472806, 1.2875503299472806, 1.2875503299472797, 1.2875503299472797, 1.2875503299472797, 1.2875503299472815, 1.2875503299472815, 1.2875503299472797, 1.2875503299472797]
precomputation complete
times = [0.0, 0.16586158963601186, 0.8139980405214537, 1.797320816445545, 2.937631089926154, 4.369847146123347, 5.913498239932486, 11.517818812321721, 16.789593237791035, 22.214827307794177, 28.423061169285656, 40.40703149297031, 52.09743239440693, 68.27672376742584, 86.54263295935101, 110.00914452077116, 127.17879232903834, 172.58263684406396, 194.5422743582881, 248.19679702623182, 294.65108911208904, 328.99396401543385, 374.36960517351537, 417.61909698440246, 444.2552813902809, 483.87592006630877, 519.6756584439681, 550.253617156945, 614.290139704181, 668.5267255490016, 720.0]
M_0 = [98.55395318330008, 98.53967979870393, 98.48426751047525, 98.40108812645475, 98.30559910109132, 98.18658840009239, 98.0589462848844, 97.6001340018105, 97.17437233115352, 96.74145538371768, 96.25061379749826, 95.31090429826992, 94.39914819469928, 93.13986796096742, 91.71764022145553, 89.88621203604937, 88.54312677033414, 84.99164670605013, 83.27560552390838, 79.051154313363, 75.36948911437457, 72.62898379259447, 68.97443807219626, 65.46602011957937, 63.28401934363914, 60.01379003885643, 57.03466486982494, 54.46511551679318, 49.011417559688404, 44.32786093181529, 39.88920174348172]
M_1 = [29999.86917809021, 29990.416391786603, 29957.936676069497, 29919.312169367273, 29885.59017391398, 29858.920495901923, 29833.323879436513, 29753.25898495731, 29693.343080907132, 29644.080444415802, 29599.58381302636, 29535.197833364175, 29486.941520589553, 29430.351838767714, 29369.964518026387, 29287.57672110365, 29220.603719763592, 29039.72800985151, 28979.440009442435, 28805.137360032848, 28639.327777017523, 28539.792800169078, 28378.69117662303, 28239.439202998106, 28149.758731855243, 28003.973449563, 27879.831087092338, 27773.517110110122, 27541.708090320342, 27253.66720012371, 26867.788467697977]
M_2 = [4.1145748088801e7, 4.028966365871055e7, 3.740859697105202e7, 3.4145616335023955e7, 3.1510507026926104e7, 2.9960222911655188e7, 2.859456857882032e7, 2.4610677100986645e7, 2.1946298373141617e7, 1.9989914842461996e7, 1.843816060243844e7, 1.6750010719712846e7, 1.6013027198432213e7, 1.5675460461675279e7, 1.569334419818028e7, 1.5905839525217604e7, 1.6148121025692048e7, 1.6903249590884484e7, 1.747973040385179e7, 1.9070085723363906e7, 2.0875684864724778e7, 2.2774484218716376e7, 2.5681766100283805e7, 2.9859963817651425e7, 3.2579560756582063e7, 3.806754908013643e7, 4.4810172951116264e7, 5.250754566567395e7, 7.757127378317083e7, 1.0831359658905339e8, 1.4893492191642943e8]
c_init = [2.682293094235537e-7, 0.11368675712666033, 0.3089741108173597, 2.1308555165246084, 9.668604459119233, 36.86289946850339, 48.43347989044781, 1.0524946254210847, 2.240818304754838e-7, -1.4437048794157132e-9, 0.0002508356578287121, 0.0002676815975738531, 0.0008424272923086968, 0.0007558462809977481, 0.00365367065368047, 0.0021424151624065764]
c_final = [0.0, 0.03874591377401464, 0.06852307136673849, 0.6152594373795838, 2.2520246588149035, 11.460875461259024, 16.445379621603685, 4.985931420276048, 2.198049043125781, 1.030122498475719, 0.4792189392184524, 0.2107032319020972, 0.08282529586174571, 0.028001303095733465, 0.0016993223755049855, 0.0]
  6.409544 seconds (36.96 M allocations: 1.446 GiB, 5.82% gc time, 71.13% compilation time)

# Golovin + precip, 8 RBF
means = [0.0, 1.6765812880406339, 3.3531625760812678, 5.029743864121902, 6.7063251521625356, 8.38290644020317, 10.059487728243804, 11.736069016284437]
stddevs = [1.6765812880406339, 1.6765812880406339, 3.3531625760812678, 3.353162576081268, 3.3531625760812678, 3.353162576081268, 3.353162576081268, 3.3531625760812673]
[4.8161053552158236e-6, -5.6243295629338e-5, 4.730058241672814, 8.070427881806137e-6, 1.168647526323936e-5, 5.284255447119667e-6, 1.4471242192447999e-6, 1.2820658628278409e-6]
209.99992220957654
precomputation complete
times = [0.0, 9.999999999999999e-5, 0.0010999999999999998, 0.011099999999999997, 0.11109999999999996, 1.1110999999999995, 11.111099999999993, 39.566393917222825, 79.6642007804904, 128.40444761977005, 190.08123496981892, 266.54610660131993, 364.46970364376534, 491.52983177577386, 661.6841337073777, 914.5371878854403, 1183.0680504690717, 1463.5066880293793, 1776.6045683734533, 2120.4072512760104, 2241.9313156338308, 2389.7330024992025, 2455.181463686346, 2683.143419654385, 2875.6976540756946, 3153.8018349134595, 3452.6936774455717, 3639.4007750093942, 4065.659284277148, 4403.462979022961, 4924.908142218486, 5413.917139866337, 6099.257319885902, 6802.691714830698, 7630.346212794999, 8459.971240570294, 9400.793139954862, 10408.505659038756, 11535.160284029613, 12793.540511649004, 14165.755847043238, 14400.0]
M_0 = [0.0, 0.0004730023762518884, 0.005203065747002971, 0.05250375486462159, 0.5255105796675212, 5.2555780998848505, 52.55556730530715, 187.12173428245555, 376.5802753802008, 606.3788660685383, 895.9141925961569, 1251.9928071009738, 1701.4120996441573, 2269.281407672281, 2992.651679554064, 3959.935748758117, 4805.675850156225, 5461.522717327735, 5929.921815648137, 6190.5540367891535, 6237.12757563761, 6275.211257934987, 6277.954105408602, 6201.549170616448, 6067.414268442208, 5834.9343512407295, 5580.638242846074, 5372.590183491953, 4910.215821802927, 4683.312069120575, 4584.389321735306, 4660.0158642962115, 4858.969960758343, 5040.414953769132, 5126.186684086125, 5074.11197122229, 4978.463784632082, 4951.715105336924, 4986.398510312436, 5009.657548049937, 4997.365219948257, 4994.905508661109]
M_1 = [0.0, 0.020988223125623925, 0.23086632183147504, 2.330637887686615, 23.33053661576257, 233.32632115190714, 2333.3055569134444, 8311.486738735432, 16747.770661590475, 27039.266673052032, 40153.993666698836, 56615.456095224, 78128.57410642487, 106926.06624962886, 147181.64297030968, 209834.99830344337, 276745.3998978346, 341118.2465811563, 399763.7170411522, 444692.9280734814, 455978.6224790644, 484730.1648418125, 504980.34012904635, 565059.1774081391, 600607.2298944513, 627862.2523414383, 681181.891347223, 727849.581059131, 756966.4786314621, 732715.483648513, 677839.2726633475, 636174.820000468, 602641.6590136514, 594112.1495730936, 608878.3485747946, 630409.683235315, 637764.4634057389, 629716.3130681994, 622520.0784457772, 624016.8038131134, 627181.9953102464, 627277.5096106543]
M_2 = [0.0, 2.0206473540855, 22.209776356100217, 258.04860054489325, 2894.2674424132474, 28941.405650636687, 289598.8229618295, 1.0965991304019021e6, 2.2203399559994866e6, 3.6210855737734195e6, 5.48030840328807e6, 7.97753652803414e6, 1.1590213798500448e7, 1.7143214273511663e7, 2.6442481499476165e7, 4.448100161081407e7, 6.848044203252587e7, 9.669161395381565e7, 1.2767941290159121e8, 1.555352436725271e8, 1.6319684314491022e8, 1.9916404491302973e8, 2.5310598435377175e8, 4.340951607059394e8, 5.637810740393461e8, 6.968435239799092e8, 1.584643161181431e9, 2.614852036651331e9, 4.1042540203437605e9, 4.477160923392177e9, 4.356451750559217e9, 3.9839097429318953e9, 3.4094114561155148e9, 2.9444765945707755e9, 2.7778707123556356e9, 2.9970713531000557e9, 3.263310952474139e9, 3.2909812927530484e9, 3.17748226732488e9, 3.127364252268555e9, 3.1705336126608286e9, 3.1769007284121447e9]
c_init = [0.0, 0.0, 0.0, 0.0, 0.0, 0.0, 0.0, 0.0]
c_final = [0.005088377607983498, 78.53634490049888, 4177.005007734692, 632.0304843482631, 79.15773801055064, 28.173399468026837, 0.0, 0.0]
  4.209514 seconds (10.17 M allocations: 559.604 MiB, 2.71% gc time, 95.35% compilation time)

# Golovin + precip, 16 RBF
means = [0.0, 0.7824046010856291, 1.5648092021712583, 2.3472138032568877, 3.1296184043425166, 3.912023005428146, 4.694427606513775, 5.476832207599404, 6.259236808685033, 7.041641409770662, 7.824046010856292, 8.60645061194192, 9.38885521302755, 10.17125981411318, 10.953664415198809, 11.736069016284437]
stddevs = [0.7824046010856291, 0.7824046010856291, 1.5648092021712583, 1.5648092021712585, 1.5648092021712583, 1.5648092021712583, 1.5648092021712587, 1.5648092021712583, 1.5648092021712579, 1.5648092021712579, 1.5648092021712587, 1.5648092021712579, 1.5648092021712587, 1.5648092021712596, 1.5648092021712579, 1.5648092021712579]
[4.963464885174279e-7, 1.886716792536831e-8, 0.12768086982702576, 0.4731159549644762, 4.235192652347306, 1.7621557186289731, 2.996147551370341e-7, 2.7949182723314507e-8, -1.7516480956696308e-8, -1.8440083570327607e-8, -1.4581235603267807e-8, -1.071839518618447e-8, -6.833763790561154e-9, -3.6383304806381594e-9, -1.8318634760199497e-9, -2.3292636255226088e-9]
210.00000023763846
precomputation complete
times = [0.0, 9.999999999999999e-5, 0.0010999999999999998, 0.011099999999999997, 0.11109999999999996, 1.1110999999999995, 11.111099999999993, 34.64748074721936, 66.16535214345775, 108.6291003353657, 166.4241669888413, 243.65755633922788, 343.09135370478543, 458.86676410769763, 598.6822460015064, 775.1980457193065, 1010.1021362358387, 1239.3836518270157, 1340.2232748406702, 1372.7653947552633, 1396.7594385957154, 1407.2554150070184, 1480.2176935046398, 1512.8047371128525, 1708.8533211432275, 1887.6061213584492, 1955.4276752510125, 2008.3701730472926, 2028.180020659361, 2037.8652607276813, 2048.012533982652, 2058.3674567244643, 2073.825769900636, 2156.6923328845514, 2263.4647491527953, 2420.267255557989, 2510.9638226381517, 2559.2433060350368, 2581.507678788933, 2591.985462893125, 2608.847719140711, 2623.5457242616767, 2710.5187353227375, 2797.8610513162344, 2945.446358195892, 3021.961729681353, 3145.8212717689516, 3209.602994034165, 3395.8862304528116, 3479.5880519413568, 3496.6877084174525, 3506.6125226896984, 3516.4081147634497, 3529.018275775674, 3544.021000874569, 3564.397281398415, 3596.391499409805, 3606.45781109936, 3617.536603829675, 3627.174695188885, 3692.4042600380885, 3758.3975696168027, 3869.6895446603226, 3999.2586363460596, 4147.30559104602, 4184.728597621793, 4211.140480180895, 4217.920295029104, 4220.862726702282, 4224.947203809053, 4229.211952041577, 4234.968843160092, 4241.987797211674, 4250.397355889587, 4259.075754139339, 4267.153967776913, 4274.4977465548445, 4280.813528546548, 4286.922175720655, 4293.409797964537, 4300.315130147224, 4307.513420832164, 4314.807766483666, 4322.0481980763, 4329.180340007368, 4336.2227927861695, 4343.222975286048, 4350.22325115697, 4357.246615786601, 4364.296859272295, 4371.366284670884, 4378.444266933431, 4385.522961964741, 4392.599169649195, 4399.673391050647, 4406.747822536954, 4413.824624784529, 4420.905041635601, 4427.989316214472, 4435.077050944153, 4442.16765647909, 4449.26066028119, 4456.355818264179, 4463.453078422611, 4470.552485118567, 4477.6540879293925, 4484.757893652384, 4498.969820962843, 4517.687208204742, 4555.96966425604, 4625.186576461431, 4708.614578804014, 4817.865306820215, 4948.785577249066, 5114.741411920242, 5317.777395469995, 5573.393393466249, 5876.429018508291, 6216.424047768589, 6586.544225843148, 6988.252773027195, 7417.816636002468, 7876.516913225353, 8363.177636036267, 8883.490842183484, 9455.374551589028, 10077.74406896113, 10723.156540559838, 11444.090755869544, 12263.382897097097, 13171.460146510317, 14136.118713019401, 14400.0]
M_0 = [0.0, 0.0006598145535056202, 0.007257960088560883, 0.0732394181928755, 0.733053995542714, 7.331198848086665, 73.31173831542468, 228.58125868192326, 436.3745504418339, 715.8917983045127, 1095.00310473787, 1598.0011713836625, 2236.742676767257, 2963.1085821680335, 3807.20592679508, 4806.282469069381, 5991.46485390432, 6961.235711913157, 7324.811495582382, 7433.82503126947, 7512.083390674126, 7545.777768055659, 7772.9665382247995, 7868.147769742564, 8353.051211977876, 8667.848170037338, 8757.480280627993, 8816.810556329114, 8836.909153438066, 8846.559985650067, 8856.410867489696, 8866.187199888087, 8880.112232330195, 8941.272532748128, 8987.908870668098, 8996.639640567291, 8973.329354239348, 8953.629942397396, 8943.098076558708, 8937.965351494782, 8929.32187880257, 8921.279429547216, 8863.958315172938, 8790.899018429733, 8637.956963237253, 8547.31832233026, 8389.139399989499, 8301.02304700508, 8023.072159196947, 7892.5474436562, 7865.770485031698, 7850.230869089175, 7834.90000869613, 7815.1799118271165, 7791.751852303364, 7760.014062770305, 7710.444404763394, 7694.940382199725, 7677.942195150334, 7663.1494682562425, 7562.507619273052, 7460.545363154428, 7291.470053254518, 7105.451880883028, 6916.298976112158, 6873.413440798475, 6844.460212921561, 6837.207429069085, 6834.082485641184, 6829.767965970152, 6825.291880547511, 6819.2965892664115, 6812.060111224785, 6803.496241819809, 6794.780702076693, 6786.779897952555, 6779.600515360857, 6773.498092843974, 6767.659254615798, 6761.526669381809, 6755.07694205428, 6748.4390950678, 6741.801913889026, 6735.302812215368, 6728.987782411421, 6722.836893490552, 6716.806467288781, 6710.859345089706, 6704.976479362716, 6699.155649468439, 6693.404080735976, 6687.7309426751945, 6682.142697224227, 6676.641828801752, 6671.227840718298, 6665.8989776220005, 6660.653600486067, 6655.490821788311, 6650.410510094069, 6645.4129783192675, 6640.4986369751805, 6635.667774614172, 6630.920491113222, 6626.256735342233, 6621.676378106089, 6617.179275326698, 6612.7652981302845, 6604.1875063448915, 6593.401967549811, 6573.133208498034, 6542.44502940538, 6515.215059944971, 6494.492833314458, 6489.5279204735025, 6509.264463246927, 6563.710006022137, 6663.182436895822, 6801.992668179241, 6957.628064132621, 7102.85043891497, 7215.689239634318, 7279.74770637587, 7290.6190624728715, 7255.2296727436105, 7190.682095232869, 7120.179871980857, 7071.775553245454, 7061.510246224292, 7083.0293520574505, 7116.6459746856535, 7135.929272949835, 7131.722842327685, 7127.961984992763]
M_1 = [0.0, 0.021000054064472688, 0.2310005947091913, 2.331006004471136, 23.33106009029556, 233.33160667347266, 2333.3467695897934, 7276.286488676482, 13896.82216591044, 22821.244142572137, 34981.38667676069, 51266.79640008816, 72311.63398687077, 96941.09754541292, 126841.56289991354, 164649.85032945662, 214246.05034616782, 260315.62364504652, 279355.6445214194, 285300.87733819784, 289739.1520473625, 291829.32618645474, 306822.7170242683, 313752.5927053022, 354645.06330776954, 389644.850679113, 402046.8170705973, 411318.7781939471, 414834.23526236945, 416655.51934683864, 418662.59628836426, 420807.4695557527, 424008.4734128877, 441092.3596545734, 462692.3186267534, 492693.7270697664, 508607.883004173, 516532.5869376009, 520271.4169221444, 522134.97199130733, 525457.7125106504, 528427.4722969332, 545875.5841508269, 562946.0206059054, 589742.8550526289, 602133.952916657, 624292.0948851128, 636642.519342395, 669737.5662461178, 682208.3126399111, 684520.6917469881, 685823.5362892197, 687078.1894988936, 688649.3978070163, 690453.7925236765, 692789.4368772446, 696183.5205956695, 697508.6142334744, 699084.4559169891, 700688.6880524419, 710929.1893067874, 720034.7020687391, 732000.6543729729, 739929.256243292, 740993.4864578258, 740014.8865407193, 739049.5940247368, 738774.2679244283, 738644.0083665869, 738462.3915789961, 738268.1042186304, 737997.4080080532, 737654.2054023299, 737224.2376744809, 736759.4908303032, 736308.0870674811, 735880.652728285, 735503.0749980022, 735127.6656008438, 734718.0445454186, 734270.0707066192, 733790.2219952305, 733290.8349752134, 732782.3349587673, 732269.2336508901, 731750.9371040323, 731224.4978851118, 730687.0435598068, 730136.9726598136, 729574.0993116479, 728999.1651654152, 728413.2064468964, 727817.0858594929, 727211.3083421383, 726596.0698095353, 725971.4107108264, 725337.3620824686, 724694.0273878278, 724041.5965620518, 723380.3183475236, 722710.4611492142, 722032.2840946456, 721346.0252119937, 720651.903572845, 719950.1277015384, 719240.9041975999, 718524.4425476135, 717071.7204457555, 715118.682281415, 711003.2940535932, 703235.718175016, 693511.5385498506, 680576.1777457638, 665345.8980302314, 647267.1273332092, 627891.9482862186, 608482.7257597646, 592588.8352801166, 582754.5966818834, 579528.2849566002, 582158.0563316458, 589203.1636427335, 598807.0724555143, 608739.8417866748, 616622.2854054619, 620278.8255276007, 618739.3989318626, 614073.7555518472, 609308.7067345773, 607144.9603866598, 608215.285503723, 610445.322334918, 610907.9340555929]
M_2 = [0.0, 0.9797353177817456, 10.777088495598015, 108.7506202766291, 1088.4859368633183, 10885.842975822445, 108864.70846228064, 339615.81215963396, 649374.3905434367, 1.0692659239727252e6, 1.6483886455075971e6, 2.4428922451117975e6, 3.514885713844385e6, 4.855375773572887e6, 6.638219970188266e6, 9.182823090277543e6, 1.3091104192470923e7, 1.7401730874921203e7, 1.94123031278081e7, 2.007202071642927e7, 2.0533566567319043e7, 2.088895922979358e7, 2.2870111205744147e7, 2.4019139654360358e7, 3.1741260824062865e7, 3.975758702787201e7, 4.2962292672173694e7, 4.5503438203539856e7, 4.631657712718729e7, 4.675526450565476e7, 4.7584777281988844e7, 4.8431409135333225e7, 4.9667268488666356e7, 5.6799821010173686e7, 6.715533875771618e7, 8.424803622466074e7, 9.480473662435123e7, 1.0052662051835275e8, 1.0327642595227718e8, 1.0442142470688048e8, 1.0748312088100919e8, 1.1052046610753027e8, 1.3003030603777823e8, 1.519786664090517e8, 1.928097232298995e8, 2.14862224262163e8, 2.693670255996439e8, 3.074371855775776e8, 4.343379962027831e8, 4.9486928293413544e8, 5.073347689334787e8, 5.1457067308585924e8, 5.2162552315149385e8, 5.306586348156736e8, 5.413455449856006e8, 5.557409649988186e8, 5.780146744743435e8, 5.899814082824788e8, 5.991134716053424e8, 6.115910220086794e8, 6.981762750298594e8, 7.880003115809343e8, 9.381774295483389e8, 1.099111894798609e9, 1.2499323019487903e9, 1.2812840546857715e9, 1.30168150078364e9, 1.3072116991048853e9, 1.3091414781271632e9, 1.3120348056158514e9, 1.3150668457100284e9, 1.319110614878953e9, 1.3239499677136958e9, 1.3296162429481947e9, 1.3353165615313892e9, 1.3404918213720837e9, 1.344975108924802e9, 1.3488571899269028e9, 1.35252525863063e9, 1.3563216891119373e9, 1.3602634833424737e9, 1.36426790851582e9, 1.36821875111441e9, 1.3720359764829602e9, 1.3756965462033477e9, 1.3792150909887989e9, 1.3826177936286712e9, 1.3859257543751628e9, 1.3891494634223092e9, 1.3922901856412005e9, 1.3953443608445396e9, 1.3983077416615791e9, 1.401177747245251e9, 1.4039539318264136e9, 1.4066373237179267e9, 1.4092294998693867e9, 1.4117319208077474e9, 1.414145666866461e9, 1.4164714764338145e9, 1.4187099128961697e9, 1.4208615253420458e9, 1.4229269376174936e9, 1.4249068660889246e9, 1.4268020954077177e9, 1.4286134449308052e9, 1.4303417435735912e9, 1.4319878198669314e9, 1.4350904394848456e9, 1.4386107378644102e9, 1.4441814222380288e9, 1.4490383403125513e9, 1.4470363318308835e9, 1.4338110650832684e9, 1.4060708776673362e9, 1.3588481794963088e9, 1.2920097286379266e9, 1.205786912555872e9, 1.1123763487529044e9, 1.0266477962940516e9, 9.583520659833925e8, 9.114322929285557e8, 8.879050888103127e8, 8.877747415991886e8, 9.09470970925333e8, 9.470105680903316e8, 9.877635097689468e8, 1.0134890126352496e9, 1.0153206300682032e9, 9.998552240042162e8, 9.805439509338511e8, 9.713464639280709e8, 9.751727584436581e8, 9.774905616263448e8]
c_init = [0.0, 0.0, 0.0, 0.0, 0.0, 0.0, 0.0, 0.0, 0.0, 0.0, 0.0, 0.0, 0.0, 0.0, 0.0, 0.0]
c_final = [0.0005366108757297095, 3.1476994699714838, 109.96578348560863, 582.8935902047779, 3640.043996456703, 1752.9629057743364, 622.7474771418928, 220.43945947176505, 102.47863050023254, 46.79239389816159, 35.50421539715356, 10.985523710153323, 0.0, 0.0, 4.280025740188989e-5, 0.0]
  7.691020 seconds (37.02 M allocations: 2.086 GiB, 6.94% gc time, 81.99% compilation time)

# two modes golovin, 8 RBF
means = [4.1588830833596715, 5.241338216634638, 6.323793349909605, 7.406248483184571, 8.488703616459539, 9.571158749734504, 10.65361388300947, 11.736069016284437]
stddevs = [5.241338216634638, 5.241338216634638, 2.164910266549933, 2.164910266549933, 2.164910266549934, 2.164910266549933, 2.1649102665499314, 2.164910266549933]
precomputation complete
times = [0.0, 0.5094358020505044, 5.603793822555548, 56.547374027605976, 238.71623223168905, 370.6743844565159, 720.6713773043074, 914.4378700023606, 1888.7668881981303, 2836.015751741278, 4156.962500642639, 4989.920664688356, 5913.732418619076, 6877.691701442654, 7938.779804641048, 9301.746347270084, 10498.88231468154, 11973.239214610332, 13330.243024970803, 14400.0]
M_0 = [69.53698835811522, 69.53493573180013, 69.51440985036052, 69.30918914134914, 68.57594855637973, 68.04548912543252, 66.63993437238258, 65.86199658805862, 61.93204911213129, 58.05174103637925, 52.48931547406991, 48.73984101652342, 44.15824867571162, 38.61349382785693, 31.489284526415496, 22.40649319700906, 16.309313012359308, 11.455640600643823, 8.724132676304112, 7.263171421136984]
M_1 = [46940.337427135804, 46941.4847973793, 46952.96288440285, 47068.18781269872, 47489.46447149332, 47815.459751754555, 48752.48731376361, 49333.6885278828, 52839.579582882594, 57078.672293519856, 66286.97481335406, 76361.44549987112, 94820.1145933726, 126778.84450852066, 170980.4229298916, 199364.01104192898, 187108.48306906008, 154216.8025033475, 127000.36271001458, 109956.928882133]
M_2 = [1.2340530865640986e8, 1.2342281562729532e8, 1.2359783657190375e8, 1.2534347787529905e8, 1.316506346037094e8, 1.3684760232774672e8, 1.5257671017569548e8, 1.640503996216753e8, 2.4483330805829412e8, 3.6005685463401455e8, 7.460627644031225e8, 1.3389350640932198e9, 2.746048479360081e9, 5.7320558583902645e9, 1.0589006680928476e10, 1.470650023591701e10, 1.4525420768369867e10, 1.2293418095938726e10, 1.0244561275540144e10, 8.921051133990387e9]
c_init = [7.10346506832799, 86.76573351812806, 0.0018116571813561499, 0.0016765453987059456, 0.0009416710890063694, 0.0004519747225242274, 0.0001785692282579486, 0.00019867103606052602]
c_final = [1.2175689094765254, 5.695487062497366, 0.0747823247749462, 0.2834187157390021, 0.46542320305776885, 0.2802926193243108, 0.0, 2.4387919654094294]
  4.772120 seconds (11.07 M allocations: 543.740 MiB, 3.31% gc time, 94.08% compilation time)

# two modes golovin, 16 RBF
means = [4.1588830833596715, 4.664028812221322, 5.169174541082974, 5.674320269944625, 6.1794659988062755, 6.684611727667927, 7.189757456529578, 7.694903185391229, 8.20004891425288, 8.705194643114531, 9.210340371976182, 9.715486100837833, 10.220631829699485, 10.725777558561136, 11.230923287422787, 11.736069016284437]
stddevs = [4.664028812221322, 4.664028812221322, 1.0102914577233024, 1.0102914577233024, 1.0102914577233015, 1.0102914577233024, 1.0102914577233024, 1.0102914577233015, 1.0102914577233024, 1.0102914577233024, 1.0102914577233015, 1.0102914577233015, 1.0102914577233033, 1.0102914577233033, 1.0102914577233015, 1.0102914577233015]
precomputation complete
times = [0.0, 0.3063521629665697, 3.369873792632266, 34.00509008928923, 156.6957436412705, 513.9364056765069, 1039.1852565061158, 1670.1080858170262, 2494.6838521280256, 3012.122375911267, 3948.3813351110966, 5019.909777070792, 5844.138017017679, 7035.6047818082125, 7690.338946428819, 8371.824499084027, 9291.421671216965, 10915.309119528756, 11936.158081684724, 13339.07318787646, 14400.0]
M_0 = [98.52201864164815, 98.51982737435111, 98.49791750772319, 98.27909902240745, 97.40783309517556, 94.91647328810198, 91.3730254673867, 87.29825289744251, 82.26775274094486, 79.27085204611899, 74.13390055069588, 68.68248072701923, 64.77681970213689, 59.53356257478258, 56.84312128940133, 54.17727403057199, 50.78274328821247, 45.31531912929191, 42.19298823341238, 38.25746705565082, 35.533459279883026]
M_1 = [47674.10683384567, 47674.082190099856, 47673.83523541495, 47671.35415578398, 47661.13889952085, 47626.93666763475, 47555.7541097771, 47421.10582321363, 47266.62785377691, 47212.54481061265, 47087.596880894416, 46927.60430233082, 46851.13214902162, 46711.632798069455, 46629.50454128902, 46575.02653884624, 46502.88374891421, 46343.68477769649, 46287.63790081394, 46194.90583371399, 46121.13359263911]
M_2 = [6.82769865714967e7, 6.828016492601047e7, 6.831193174313696e7, 6.863009391825454e7, 6.991269086065015e7, 7.37060659349558e7, 7.935976043337359e7, 8.610952661109874e7, 9.591100499647719e7, 1.0320412715063818e8, 1.1715141931637065e8, 1.3484170104156432e8, 1.5127266432824707e8, 1.773542235957904e8, 1.931638687984708e8, 2.1225615748316324e8, 2.4085750550121343e8, 2.9852074935403854e8, 3.44201506018901e8, 4.1581020228413665e8, 4.7875773347296035e8]
c_init = [2.5738735138503124, 1.3989413216132409e-8, 19.316387842684403, 65.01102684290225, 3.2115974172767277, 2.543387133218236e-7, 1.3539738511287567, 7.347821333450832, 0.994274370058667, 9.109876494086915e-9, 3.181648915610004e-9, 0.0, 0.0, 0.0, 0.0, 0.0]
c_final = [0.6909420773592884, 0.0, 6.407441976429058, 15.28303652426343, 3.934259865542739, 3.2945909600200727, 1.0662794723488274, 1.464953591706067, 1.5309975953288348, 1.032230046124074, 0.6523344993877991, 0.3501856567509003, 0.1396497033422197, 0.031180024685425495, 0.0008825720149775939, 0.0]
  5.086760 seconds (31.33 M allocations: 1.258 GiB, 6.16% gc time, 73.96% compilation time)