Setup based on Korolev 1994

-Mode relation: first mode larger than the second type by about 10x (estimate
from fig 1)

-Mode size difference: 3-6 micron difference in size

** Synthesizing a bimodal distribution **
-Gamma mixture, total N ~ 100/cm3
-Mode 1: mean of 16 um, spread of 2um --> 
-Mode 2: mean of 8 um, spread of 1um

** RESULTS **
# 10 BF
means = [4.1588830833596715, 5.000792631462423, 5.842702179565175, 6.684611727667927, 7.526521275770679, 8.36843082387343, 9.210340371976182, 10.052249920078934, 10.894159468181686, 11.736069016284437]
stddevs = [5.000792631462423, 5.000792631462423, 1.6838190962055037, 1.6838190962055037, 1.6838190962055037, 1.6838190962055029, 1.6838190962055029, 1.6838190962055037, 1.6838190962055037, 1.6838190962055037]
precomputation complete
times = [0.0, 0.3997556478268711, 4.397312126095582, 44.37287690878269, 215.68664179067807, 501.80893289131905, 868.9242532755616, 1353.1374073237196, 1951.838217486103, 2683.3848553445205, 3547.469212632722, 4556.233786008577, 5724.916541260734, 7123.2034103499955, 8960.454961462494, 10927.498947892962, 13067.70692167068, 14400.0]
M_0 = [104.98862985331905, 104.98581899763823, 104.957713227968, 104.67693470530281, 103.47946230473262, 101.5007829366242, 99.00196785814222, 95.7767156637401, 91.9029103672688, 87.3446352545575, 82.2122698953335, 76.56631611959118, 70.4841578885244, 63.83045121347491, 56.051157004072735, 48.814176558512834, 42.05714091410843, 38.36452313470035]
M_1 = [47531.32003961836, 47531.301003199296, 47531.11170408465, 47529.32357200828, 47523.659446834936, 47520.169623509995, 47523.224029542, 47533.48053172177, 47545.621326995046, 47546.225089551146, 47513.275139962556, 47419.61341135711, 47237.746877492, 46934.407693736735, 46443.178618480706, 45865.598357184375, 45223.91736243983, 44816.24221578403]
M_2 = [4.2957771191468604e7, 4.295622713760027e7, 4.294093009105128e7, 4.280216611229729e7, 4.24861097552133e7, 4.285577021432155e7, 4.4672860798265256e7, 4.8768060773327045e7, 5.552585810184792e7, 6.496666578160158e7, 7.624537399482873e7, 8.820573560910387e7, 9.978939591351303e7, 1.1135599614097005e8, 1.2730558878359464e8, 1.5354376601625466e8, 2.0218318971869683e8, 2.4533421950726143e8]
c_init = [13.30318400588007, 1.4788646580717854e-7, 93.8679571729849, 8.451360321102236e-8, 4.469080353212263, 6.230941813227783e-8, 5.4448015068574524e-8, 5.3091916196580825e-9, 5.7602974599060334e-9, 1.1841730892433979e-8]
c_final = [-16.57213404744666, 24.919460337125226, 17.008315303787732, 5.911396354275766, 3.1937506506022917, 1.7475356697886857, 0.7837818070569331, 0.13529229584194202, -0.023296742491356135, 0.0010084253790829207]
  6.737149 seconds (24.58 M allocations: 1.262 GiB, 4.80% gc time)


# 15 RBF
means = [4.1588830833596715, 4.700110649997155, 5.241338216634638, 5.782565783272121, 6.323793349909605, 6.865020916547088, 7.406248483184571, 7.947476049822054, 8.488703616459539, 9.029931183097021, 9.571158749734504, 10.112386316371987, 10.65361388300947, 11.194841449646955, 11.736069016284437]
stddevs = [4.700110649997155, 4.700110649997155, 1.0824551332749666, 1.0824551332749657, 1.0824551332749666, 1.0824551332749675, 1.0824551332749666, 1.0824551332749657, 1.0824551332749675, 1.0824551332749675, 1.0824551332749657, 1.0824551332749657, 1.0824551332749657, 1.0824551332749675, 1.0824551332749675]
precomputation complete
times = [0.0, 0.22522225788589229, 2.477444836744815, 24.99967062533404, 188.7390874299326, 483.91806986589427, 854.2621019965727, 1342.2403007129092, 1923.1066559937572, 2597.012713842553, 3358.895141006984, 4234.327457850584, 5223.197467357243, 6415.4017583584955, 7726.8200861671, 9074.576059995412, 10705.62912390433, 12512.334056234207, 14253.207599652993, 14400.0]
M_0 = [101.04004801227532, 101.03838257503605, 101.02172991034675, 100.8553738588973, 99.65519788844703, 97.53191833541186, 94.93902038986889, 91.63827047618507, 87.87239350592795, 83.71313444236996, 79.26561544585732, 74.46648678365281, 69.41629151942932, 63.80751081117594, 58.18879764348649, 52.95753421596791, 47.28559137772945, 41.74737049619059, 37.05814304257073, 36.68911344249252]
M_1 = [47710.322553806975, 47710.261325697065, 47709.649174780585, 47703.54062342919, 47659.81411706273, 47583.74876290111, 47492.55913198771, 47378.11822448978, 47248.381760874945, 47104.66372040596, 46949.309106222245, 46778.73565748249, 46594.452772724806, 46380.06956307276, 46146.97527712875, 45903.72860130988, 45603.578035521314, 45275.358309069445, 44969.711156061276, 44943.879409878165]
M_2 = [6.588943789897759e7, 6.5891324363191985e7, 6.591019454591267e7, 6.609944865044169e7, 6.75047579120877e7, 7.015938612129262e7, 7.368256172070351e7, 7.860285215902033e7, 8.48309041446553e7, 9.257935042323697e7, 1.0213742176761931e8, 1.1441006148069471e8, 1.3024616137573823e8, 1.524081602398905e8, 1.8076674037666237e8, 2.144387265949552e8, 2.626612908484659e8, 3.295480048682021e8, 4.118145789125206e8, 4.196213392071499e8]
c_init = [-2.615140850935489e-7, 1.2114193013121265e-6, 31.12944057939649, 60.95672564649055, 9.707711217814606e-8, -7.574979076321763e-8, 4.619667609314038, 4.334213548765956, -3.095926186420413e-8, 2.3526008337194947e-8, -2.172044293077348e-8, -1.951422687200752e-8, 1.7429593887124211e-9, -1.5362051596126835e-10, -2.7713818130935178e-9]
c_final = [-0.6870865150359663, 0.7464522758115831, 9.755641638186699, 13.438137539511784, 4.9597604921630225, 2.746951648560247, 1.3351820821841298, 1.5719808559624036, 1.301064489230861, 0.8119061342409505, 0.4301450943806472, 0.1641089049583586, 0.030908315273061097, -0.0010913010860032523, 0.00013075514986584427]
  7.878921 seconds (42.06 M allocations: 1.887 GiB, 5.96% gc time)


# 20 RBF
means = [4.1588830833596715, 4.557682342987291, 4.95648160261491, 5.355280862242529, 5.754080121870149, 6.152879381497768, 6.551678641125387, 6.950477900753007, 7.349277160380626, 7.748076420008245, 8.146875679635864, 8.545674939263483, 8.944474198891102, 9.343273458518722, 9.742072718146341, 10.14087197777396, 10.53967123740158, 10.938470497029199, 11.337269756656818, 11.736069016284437]
stddevs = [4.557682342987291, 4.557682342987291, 0.7975985192552386, 0.7975985192552386, 0.7975985192552386, 0.7975985192552386, 0.7975985192552386, 0.7975985192552386, 0.7975985192552386, 0.7975985192552386, 0.7975985192552377, 0.7975985192552377, 0.7975985192552386, 0.7975985192552386, 0.7975985192552386, 0.7975985192552386, 0.7975985192552386, 0.7975985192552386, 0.7975985192552386, 0.7975985192552386]
precomputation complete
times = [0.0, 0.2211198396585481, 2.432318236244029, 24.129790305900737, 66.85991464642039, 120.07816504765692, 188.21037635827116, 271.4568249942701, 374.53307315374275, 501.4506790788642, 660.9204024943685, 865.1557081003873, 1135.5886958385279, 1493.8725020659047, 1937.2094943523568, 2476.2954409622653, 3022.0925089292423, 3503.897773092607, 3942.5238345578364, 4372.2977762868095, 4819.45386115347, 5298.122227922594, 5812.987606586185, 6362.477246634445, 6942.746326958074, 7551.333657981728, 8188.801503796364, 8858.477935048883, 9565.239647865023, 10314.436939064573, 11111.257651131209, 11960.689152943985, 12868.092599892636, 13840.170241738439, 14400.0]
M_0 = [98.59513892374179, 98.59356971095298, 98.57787911276584, 98.42406140317705, 98.12191047316213, 97.74700584274335, 97.26928360867254, 96.68895977946762, 95.97547393972823, 95.10457119439407, 94.02203841219941, 92.65441593585233, 90.87537542137042, 88.57300743316264, 85.80771401818083, 82.56541187505891, 79.41181406318499, 76.73151536933952, 74.37268664356858, 72.13398929461476, 69.87839680380432, 67.54422508692834, 65.12296570423975, 62.63719899897918, 60.117962883941395, 57.58764371511184, 55.05479993218421, 52.51788959393953, 49.97211494090917, 47.414465555584144, 44.84618735126461, 42.27273313936926, 39.70190058595017, 37.141514786307724, 35.75357642167204]
M_1 = [47659.45354909404, 47659.38811937676, 47658.73698031707, 47652.63077488829, 47641.842101554954, 47630.052560147895, 47616.69901309018, 47602.049929507964, 47585.492365275844, 47566.6337573112, 47544.496398359806, 47517.80242438915, 47484.295690705614, 47441.966365837936, 47391.80456136556, 47333.371597215264, 47276.74228608324, 47228.737068055416, 47186.54779896749, 47146.53470227581, 47106.15939462173, 47064.06747488576, 47019.54505022718, 46971.91310845532, 46919.883519212766, 46860.98239994349, 46791.10084909275, 46704.07650217867, 46591.24798842512, 46441.01188904872, 46238.537152727644, 45965.76402603079, 45601.675320013426, 45122.701826782606, 44804.36138670218]
M_2 = [7.026632964684407e7, 7.026474325495654e7, 7.024921549409148e7, 7.012689361093126e7, 7.00160875117059e7, 7.00483636575237e7, 7.02646131758421e7, 7.069041105158624e7, 7.136495885073769e7, 7.233408727844812e7, 7.369314957415237e7, 7.559044348410757e7, 7.829345054393557e7, 8.212460823128238e7, 8.719517353637081e7, 9.3826781914139e7, 1.0107716333922398e8, 1.0795132594798672e8, 1.1461610833522753e8, 1.2154537827622607e8, 1.291979187255317e8, 1.379143487371394e8, 1.4792066982229006e8, 1.5934423619727385e8, 1.7225588023852012e8, 1.8672843071412826e8, 2.0287341200340188e8, 2.208396492278012e8, 2.407775589313309e8, 2.6279001891032952e8, 2.8688164744468457e8, 3.1291999553257835e8, 3.4061824770047575e8, 3.6953603074705726e8, 3.8559599451314735e8]
c_init = [3.5642255073691307, 6.078870154570424e-7, 6.411149553844028, 30.240782918811266, 44.18411681344631, 6.316480446449623, 1.2264450786283674e-7, 0.23795548259024912, 2.707622941782428, 5.1840216327071795, 1.5299574959299973, 3.646270941093262e-7, 1.6632621712693373e-7, 0.00031862418682284977, -3.560933065253469e-8, 6.19235651559542e-5, 0.00010469396545219833, 0.00010556687465571699, 0.00028991650490151137, 0.00013683210402239316]
c_final = [0.9730915402510759, 0.23152246153427888, 2.010335509799479, 8.726659615667856, 10.20916110088757, 3.5154105742970136, 3.3887300644574285, 1.4877771604977055, 0.8394180070473525, 1.1315505501571048, 1.2876196119028047, 0.9533303934333865, 0.6838939858397571, 0.46078388306855245, 0.28290501199999174, 0.12621387261046113, 0.01889854636088693, 0.0013124713924119475, -6.836531306484916e-5, 1.5281749414361647e-5]
 10.389029 seconds (73.34 M allocations: 3.014 GiB, 6.66% gc time)