Setup based on Shima 2009

Initial distribution: exponential with volume scale factor
R0 = 10 um, V0 = 4/3*pi*R0^3

Hydrodynamic kernel:  c = 1.15e-14 * 1e10

vmax = 400 (possibly could be lower)

4 hours Tsim
**Plotting g(lnr)

# 20 RBF
means = [4.1588830833596715, 4.88601521798937, 5.613147352619069, 6.340279487248767, 7.067411621878466, 7.7945437565081646, 8.521675891137864, 9.248808025767563, 9.975940160397261, 10.70307229502696, 11.430204429656659, 12.157336564286357, 12.884468698916056, 13.611600833545754, 14.338732968175453, 15.065865102805152, 15.79299723743485, 16.52012937206455, 17.247261506694247, 17.974393641323946]
stddevs = [4.88601521798937, 4.88601521798937, 1.4542642692593972, 1.4542642692593972, 1.4542642692593972, 1.4542642692593972, 1.4542642692593981, 1.4542642692593981, 1.4542642692593972, 1.4542642692593972, 1.4542642692593972, 1.4542642692593972, 1.4542642692593972, 1.4542642692593972, 1.4542642692593972, 1.4542642692593972, 1.4542642692593972, 1.4542642692593972, 1.4542642692593972, 1.4542642692593972]
precomputation complete
times = [0.0, 0.22481819593807523, 0.3577007074938156, 0.5323024145874756, 0.7336980607348338, 0.947689876841394, 1.1548715859987357, 1.3482441420885454, 1.53062978627963, 1.707862622844702, 1.884771031329851, 2.063872550863356, 2.245634985797091, 2.6128563027504708, 2.99801959600065, 3.487623438154493, 4.15424223621786, 5.138419093850183, 6.731040434692288, 9.411763453771531, 13.161121051813055, 18.493253971249704, 26.20053676323512, 37.867920428767945, 55.40921551369159, 79.68001060170096, 113.99095117015699, 161.5034369114123, 222.05314628714044, 296.4576706376143, 385.608915067075, 490.08810474103666, 610.342429792886, 747.2328772751665, 901.3036066926031, 1073.309570146541, 1264.1054560317057, 1474.7251459251268, 1706.3218734502332, 1960.0229260194576, 2236.5560982789143, 2535.9857446499554, 2857.1316056948617, 3200.0127344157986, 3564.0888516867503, 3947.828535147083, 4349.516598726629, 4769.024173822281, 5208.035476169293, 5669.155968286688, 6156.519693902046, 6675.851435967799, 7229.663239743486, 7824.5728292122485, 8454.665218378323, 9095.347135879018, 9746.449734527529, 10408.577943868711, 11085.776129271298, 11783.825631278782, 12510.792102844178, 13276.678437315633, 14093.46662826807, 14400.0]
M_0 = [0.9716467854959424, 0.9716324470547395, 0.971623576239166, 0.9716125274216872, 0.9715999542122379, 0.9715868217272333, 0.9715743728771183, 0.971562705615131, 0.971551363112978, 0.9715401647402907, 0.9715290246154924, 0.971517841425926, 0.9715065709814128, 0.9714830813084705, 0.971459458406405, 0.9714292170579077, 0.9713881298271256, 0.9713275133183639, 0.9712295199964897, 0.9710647516198309, 0.9708345345644175, 0.9705074093595886, 0.9700349024018927, 0.969320083821246, 0.9682461400691894, 0.9667613043661639, 0.9646639716726354, 0.9617625548736731, 0.9580695177789545, 0.9535381258594595, 0.9481180763280532, 0.9417789645434292, 0.9344994385407333, 0.92623399567557, 0.9169571366297238, 0.906631372571567, 0.8952140942666665, 0.8826532919683268, 0.868892121514713, 0.8538790555502186, 0.8375918188836463, 0.8200544354055328, 0.8013712860592347, 0.7815835053040369, 0.7607691697670144, 0.7390606259693875, 0.7165883970672069, 0.693374165318239, 0.6693150682505328, 0.6442298586992422, 0.6178230564052887, 0.5896826535785202, 0.5595522032510355, 0.5269688247761889, 0.49224850460978203, 0.45692590535956895, 0.4213825132794498, 0.3861058469983915, 0.3514940474684388, 0.31790902155813755, 0.2856304273067836, 0.25487752478460146, 0.22582301173767105, 0.21588961396368592]
M_1 = [4188.072410948263, 4191.43748014273, 4177.535703509462, 4175.409074229648, 4176.293854061225, 4182.707022144506, 4195.985093334751, 4206.309735342459, 4205.432492414521, 4198.940609318666, 4193.325203320386, 4190.265349792829, 4189.325127474124, 4165.217078252171, 4169.846976201534, 4168.591294896264, 4168.5217510136645, 4168.173859508872, 4167.8099031619095, 4167.37717807756, 4166.979905054201, 4166.613053150888, 4166.25018433979, 4165.835352021076, 4165.336024483717, 4164.764014822121, 4164.056226846464, 4163.145737885362, 4162.028382218046, 4160.689228704326, 4159.118557326149, 4157.316254475596, 4155.290983994348, 4153.051727927687, 4150.61562587268, 4147.988851576778, 4145.153866401228, 4142.0517732112885, 4138.568793397196, 4134.531663462416, 4129.723257929953, 4123.924217426219, 4116.994585866414, 4108.908824196672, 4099.874165944658, 4090.408185580487, 4081.3268638294803, 4073.6447831685796, 4068.4834958925617, 4066.959689663916, 4069.976944854626, 4077.9035637783577, 4089.90702719692, 4103.2688672231, 4112.344025327077, 4109.554807797323, 4087.914174216643, 4041.7847703404746, 3967.4822798410346, 3863.4348048653333, 3729.872957860868, 3568.4844302891215, 3382.094476670992, 3310.21047392061]
M_2 = [5.522143786738592e8, 9.463931848785884e8, 2.5816029890712947e8, 1.9740846936866617e8, 2.87224967286785e8, 6.654853245948303e8, 1.4061537318241272e9, 1.9813471086133928e9, 1.9475744753788972e9, 1.6081571041772058e9, 1.3146372653177352e9, 1.1581526625282378e9, 1.115347561809147e9, -1.7345364881250107e8, 8.86470305742209e7, 3.3288500023176964e7, 4.3231853686421245e7, 4.023738212090993e7, 3.969598093127693e7, 3.8864489415787466e7, 3.821672924055808e7, 3.767865500923615e7, 3.7240478817960754e7, 3.686781631913389e7, 3.659108308560116e7, 3.647385223644122e7, 3.6511387789857134e7, 3.666474381660728e7, 3.6875577047771014e7, 3.711573886230205e7, 3.7378012809601605e7, 3.766511501846723e7, 3.799308501965007e7, 3.839634801166129e7, 3.8925986018375695e7, 3.964706507515784e7, 4.062958467053487e7, 4.1935766986833304e7, 4.360307939749024e7, 4.562422791859272e7, 4.7926403688728854e7, 5.036038419090037e7, 5.270852078383073e7, 5.474207316433095e7, 5.626793947635525e7, 5.721142879163199e7, 5.7709066489636496e7, 5.8178521425946444e7, 5.936619136579888e7, 6.239128476670553e7, 6.878789890261927e7, 8.053020199472207e7, 9.979052017445335e7, 1.287931027139973e8, 1.6834889540615892e8, 2.1595682438100207e8, 2.688526955216823e8, 3.235607914582823e8, 3.767308028298418e8, 4.2543325396196485e8, 4.6739480527319634e8, 5.0098887777052224e8, 5.251766768213684e8, 5.314865271936389e8]
c_init = [2.6619123041740244e-9, 0.07356338698347964, 0.029837182283562375, 0.07028543982661195, 0.14353225842815903, 0.23726358998213662, 0.29012822817288797, 0.14940981435945708, -4.432490652521203e-9, 3.260288360854293e-9, 5.947236085722407e-5, 5.711981628477371e-10, -9.963178746157151e-10, 9.713632564987326e-7, 6.536515415820399e-7, 8.316033393841563e-7, 5.137252039993661e-7, 2.6479063892386616e-7, 1.4368527815557847e-7, 1.8670553138339143e-7]
c_final = [0.0028390513822969254, 0.013153470204135936, 0.005645254506082186, 0.012301414303127743, 0.023788612912653107, 0.03952264445817522, 0.05410297101536512, 0.03478880139343078, 0.017380003012390816, 0.008876104218753428, 0.0047007936128254345, 0.002926379978946793, 0.0012847632201417724, 1.1904280694602156e-5, -1.6837550431814139e-6, 4.0577314344179876e-7, -1.023706265119699e-7, 2.6074844158766258e-8, -6.63659184699515e-9, 1.5933457154769481e-9]
  8.679868 seconds (75.71 M allocations: 3.105 GiB, 7.44% gc time)

# 15 RBF
means = [4.1588830833596715, 5.145705266071405, 6.132527448783139, 7.119349631494873, 8.106171814206608, 9.092993996918342, 10.079816179630075, 11.06663836234181, 12.053460545053543, 13.040282727765277, 14.02710491047701, 15.013927093188745, 16.00074927590048, 16.987571458612212, 17.974393641323946]
stddevs = [5.145705266071405, 5.145705266071405, 1.9736443654234677, 1.9736443654234677, 1.9736443654234685, 1.9736443654234685, 1.9736443654234677, 1.9736443654234677, 1.9736443654234677, 1.9736443654234677, 1.9736443654234677, 1.9736443654234677, 1.9736443654234677, 1.9736443654234677, 1.9736443654234677]
precomputation complete
times = [0.0, 0.6531063582135522, 1.1682430636266603, 1.3534790488501671, 1.5185679429256265, 1.6856060198059963, 1.8612502593149645, 2.046270039476536, 2.2376384629459105, 2.430944355112044, 2.622944493266514, 2.8125026935594812, 3.0000573996918467, 3.186654821582274, 3.373215071024962, 3.560223082177499, 3.9352749629152344, 4.326595554613467, 4.821675381889552, 5.49258677407098, 6.478038189174593, 8.065502077272072, 10.931455049210502, 17.01900190570244, 33.15502356765176, 62.350519261661645, 103.8636177359135, 158.0519089783184, 227.07847603000295, 311.9914162789588, 413.8049057801641, 533.2055473572408, 670.7680270162753, 826.9966956860674, 1002.4199401922608, 1197.6662695269422, 1413.5407921426847, 1651.1177077483403, 1911.8218852067434, 2197.4890517217123, 2510.193359923966, 2851.49034906625, 3220.6985654445716, 3615.9765913124015, 4034.0147731966626, 4471.624545334779, 4924.919054824592, 5389.175247576462, 5863.238357490012, 6347.488356788898, 6845.326203803033, 7363.296208872966, 7908.861672905932, 8466.973330499184, 9011.699619329, 9548.195760462413, 10082.982241760421, 10625.821980691655, 11184.91534491493, 11770.297407565762, 12393.462201549683, 13068.005865644936, 13807.58739178163, 14400.0]
M_0 = [0.9464951419837868, 0.9464533503896125, 0.9464247036327935, 0.9464125037881547, 0.9463997884130052, 0.946388168591142, 0.9463766244513122, 0.9463647327553419, 0.9463525576732675, 0.9463403141882274, 0.9463281424446822, 0.9463160673199109, 0.9463040607696018, 0.9462920868240605, 0.9462801154597114, 0.9462681290701588, 0.9462431400718182, 0.9462183024285508, 0.946186582059324, 0.9461436618116601, 0.9460806076035682, 0.9459790417166172, 0.9457956943074796, 0.9454063182789305, 0.9443746737873807, 0.9425097473421118, 0.9398615906442684, 0.9364108648293707, 0.932024201502548, 0.926639944586674, 0.920198328305499, 0.9126591595538169, 0.9039876227208828, 0.8941521013162284, 0.883120005297034, 0.8708563184492022, 0.8573237722966969, 0.8424836551713708, 0.826298838873657, 0.8087393515442715, 0.7898023045239897, 0.7695626679649766, 0.7482636476507568, 0.7262167044746752, 0.7037653490117024, 0.6811384537997514, 0.6584448339680647, 0.6356488875633345, 0.6123640721935214, 0.5879907859212122, 0.5616825183663444, 0.5323791576413346, 0.4990158391633097, 0.4623285680839363, 0.4246698042731451, 0.38682755090942106, 0.34955855654703205, 0.3133405241318218, 0.27868015631732357, 0.24589687424492015, 0.2152019246736476, 0.18672295207187198, 0.1606196622072517, 0.14305787639512818]
M_1 = [4188.0697107162805, 4188.23393683561, 4315.029787063117, 4304.87962511518, 4241.755625387062, 4214.447690315693, 4205.524130944121, 4204.006894868561, 4206.09367548464, 4209.808910601683, 4213.1743876662495, 4214.786351977332, 4214.645289616576, 4213.660536216342, 4212.679043449332, 4212.094825716611, 4183.03644865511, 4188.96430634133, 4187.729909203359, 4187.960155294001, 4187.886897848294, 4187.851192455587, 4187.772879826204, 4187.608795928534, 4187.175326478478, 4186.39694452342, 4185.312488552252, 4183.958054230541, 4182.360331783077, 4180.60895571814, 4178.806523676144, 4177.035918879964, 4175.310481675311, 4173.533422067303, 4171.4691525098615, 4168.731267111884, 4164.789298367775, 4158.997508161519, 4150.6520849944145, 4139.087998385005, 4123.844561337561, 4104.952998804291, 4083.38076176401, 4061.2975264310408, 4042.215475225443, 4030.7465351416563, 4032.1608728013157, 4051.4874535214494, 4092.715231916228, 4158.054892247597, 4247.253524204859, 4356.55440104787, 4476.312503402608, 4584.68760631628, 4657.300286007815, 4681.895616046345, 4652.641795773162, 4568.631093605687, 4432.712741897821, 4250.073026949767, 4027.243472835011, 3771.4181063470464, 3491.113971750556, 3275.2576773474925]
M_2 = [4.031229136480685e7, 4.946762714575811e7, 6.516860938290762e9, 5.999409227719182e9, 2.780187396645781e9, 1.387640727326896e9, 9.327350761910461e8, 8.555742212383989e8, 9.622311902494863e8, 1.1519440772113945e9, 1.323817206344008e9, 1.406255626693482e9, 1.3992846481815577e9, 1.3492829962080655e9, 1.299447572707422e9, 1.269874282188646e9, -2.116999090727204e8, 9.109554440381001e7, 2.8728706180067837e7, 4.12699812672687e7, 3.870614913599571e7, 3.877330618796975e7, 3.818776332787065e7, 3.706376681975779e7, 3.422407034963212e7, 2.957179494738285e7, 2.3927442447001986e7, 1.8101337694006976e7, 1.2912236081870155e7, 9.505630896835625e6, 9.109004452002104e6, 1.2905830133381015e7, 2.1849419665145516e7, 3.646361074890045e7, 5.6635082390282e7, 8.141650458698072e7, 1.088590670105539e8, 1.358917489798149e8, 1.5825895729416463e8, 1.705443172833544e8, 1.6635398899717447e8, 1.389219505673714e8, 8.268919015889356e7, -4.59582281422925e6, -1.1971399707320559e8, -2.5296810908762565e8, -3.8778964017348444e8, -5.0209692674931824e8, -5.722771682732613e8, -5.755617426861105e8, -4.932153939651661e8, -3.1334668318268234e8, -3.615076651996447e7, 3.0437837832379174e8, 6.471986454706007e8, 9.551680036269608e8, 1.2062726080615036e9, 1.3927090674748886e9, 1.5146193710553982e9, 1.5779539750869048e9, 1.5911854469863281e9, 1.5634857116412282e9, 1.503953891786316e9, 1.4449953206972322e9]
c_init = [-3.842160702525819e-9, 0.08690591293600593, 0.07229316157186658, 0.17962275649851492, 0.4127925249500268, 0.2170891411489346, -5.57960292663439e-10, 1.2431078502430267e-9, 5.307287191356481e-11, -5.270415557415513e-11, -5.125934174047815e-11, 5.232973489124542e-12, -9.007359086574865e-14, 2.4085785727385563e-12, 2.8704527790424088e-12]
c_final = [0.0018185103441354157, 0.012269384739176612, 0.009614800842163259, 0.021041978061955385, 0.048852880796589844, 0.02988760696294171, 0.012463932457228074, 0.005654554536483853, 0.0028093087449147904, 0.0027711034697399384, -9.939191592800182e-5, 2.22443051163206e-5, -5.601071338744756e-6, 1.4225889441212708e-6, -3.4138282365869896e-7]
  7.110794 seconds (48.19 M allocations: 2.034 GiB, 6.05% gc time)