means = [7.999999999999998, 31.783896188074078, 126.27700711178382, 501.6969106227035, 1993.235315638687, 7919.098043832885, 31462.473766045667, 124999.99999999991]
stddevs = [3.458959752337636, 3.458959752337636, 2.7590364213156007, 2.7590364213156002, 2.7590364213156002, 2.7590364213156002, 2.759036421315601, 2.759036421315601]
times = [0.0, 0.20359094447603085, 0.5555275706585802, 4.074893832484073, 18.937595895940508, 32.57229208409025, 62.70309819707778, 103.97580455433648, 159.58607520278483, 233.51867339314967, 272.8590798102261, 360.0]
M_0 = [79.67549212500677, 79.64549410923931, 79.59394706757783, 79.07537048887967, 76.8366924234395, 74.72771580315963, 69.97237739888104, 63.51132837061784, 55.380619678170284, 45.752952419955115, 40.718848772358484, 30.57228387191026]
M_1 = [30000.490979458405, 30005.79645152717, 30016.24967655364, 30116.61529551943, 30458.65868759506, 30662.878856195657, 30785.745162819603, 30362.55881229511, 29073.458237047325, 28636.58766615194, 28250.504100284765, 27117.92610071753]
M_2 = [2.8061809294351522e7, 2.8131247801257186e7, 2.8261810913134784e7, 2.9552138594375074e7, 3.4687573302914955e7, 3.895972425478291e7, 4.699350470650162e7, 5.510336486885302e7, 6.171636393401326e7, 1.0850127791597436e8, 1.394800654180463e8, 2.7206743600470626e8]
c_init = [0.0, 0.0, 47.255278641516504, 32.42021227343498, 0.0, 0.0, 1.2466821793675025e-6, 0.0]
c_final = [0.0, 0.27474578677761446, 15.260830971637171, 11.29020194093656, 3.087703025396138, 0.6342833076954028, 0.04931111089646165, 0.0]
t_precip = [0.0, 3.6363636363636362, 7.2727272727272725, 10.909090909090908, 14.545454545454545, 18.181818181818183, 21.818181818181817, 25.454545454545453, 29.09090909090909, 32.72727272727273, 36.36363636363637, 40.0, 43.63636363636363, 47.27272727272727, 50.90909090909091, 54.54545454545455, 58.18181818181818, 61.81818181818182, 65.45454545454545, 69.0909090909091, 72.72727272727273, 76.36363636363636, 80.0, 83.63636363636364, 87.27272727272727, 90.9090909090909, 94.54545454545455, 98.18181818181819, 101.81818181818181, 105.45454545454545, 109.0909090909091, 112.72727272727273, 116.36363636363636, 120.0, 123.63636363636364, 127.27272727272727, 130.9090909090909, 134.54545454545453, 138.1818181818182, 141.8181818181818, 145.45454545454547, 149.0909090909091, 152.72727272727272, 156.36363636363637, 160.0, 163.63636363636363, 167.27272727272728, 170.9090909090909, 174.54545454545453, 178.1818181818182, 181.8181818181818, 185.45454545454547, 189.0909090909091, 192.72727272727272, 196.36363636363637, 200.0, 203.63636363636363, 207.27272727272728, 210.9090909090909, 214.54545454545453, 218.1818181818182, 221.8181818181818, 225.45454545454547, 229.0909090909091, 232.72727272727272, 236.36363636363637, 240.0, 243.63636363636363, 247.27272727272728, 250.9090909090909, 254.54545454545453, 258.1818181818182, 261.8181818181818, 265.45454545454544, 269.09090909090907, 272.72727272727275, 276.3636363636364, 280.0, 283.6363636363636, 287.27272727272725, 290.90909090909093, 294.54545454545456, 298.1818181818182, 301.8181818181818, 305.45454545454544, 309.09090909090907, 312.72727272727275, 316.3636363636364, 320.0, 323.6363636363636, 327.27272727272725, 330.90909090909093, 334.54545454545456, 338.1818181818182, 341.8181818181818, 345.45454545454544, 349.09090909090907, 352.72727272727275, 356.3636363636364, 360.0]
m_precip = [10307.418249371738, 10549.016736360722, 10784.859496967056, 11014.057056577081, 11236.577086244213, 11452.626073258334, 11662.238458914986, 11865.456377978639, 12062.328125635526, 12252.932880143104, 12437.317574300252, 12615.540449618744, 12787.672008448864, 12953.78643503209, 13113.961595500807, 13268.279037878478, 13416.82399207956, 13559.68536990964, 13696.954506972466, 13828.72432665627, 13955.092245047157, 14076.156739808097, 14192.017213065494, 14302.77399140939, 14408.528325893283, 14509.382392034371, 14605.439289813203, 14696.80304367405, 14783.578602524667, 14865.871372418496, 14943.78364804236, 15017.420288591959, 15086.886059328666, 15152.284633291702, 15213.718591298104, 15271.289421942729, 15325.097521598309, 15375.242194415341, 15421.821652322235, 15464.933015025188, 15504.672310008207, 15541.134472533198, 15574.413345639821, 15604.601680145657, 15631.793292987206, 15656.25371969853, 15678.100328860903, 15697.310301524054, 15714.035068133166, 15729.50106382008, 15741.575026147202, 15769.201903620053, 15940.703334527927, 16109.12868332455, 16273.943025295366, 16434.68495043151, 16590.966563429804, 16742.473483692815, 16888.964845328763, 17030.273297151594, 17166.305002680983, 17297.03964014225, 17422.53040246645, 17542.903997290374, 17658.36064695649, 17768.963879727908, 17874.394671071932, 17974.629625052745, 18069.66707898101, 18159.51364945453, 18244.184232358257, 18323.702002864247, 18398.098415431727, 18467.41320380704, 18531.694381023655, 18590.99823940217, 18645.761295110748, 18696.330500989417, 18742.546453663177, 18784.256082618223, 18821.31322875584, 18853.578644392423, 18880.91999325946, 18903.211850503605, 18920.335702686552, 18932.179947785175, 18938.63989519139, 18939.6177657123, 19014.1934692653, 19125.443420894127, 19234.068906085162, 19339.671566983816, 19441.856465144632, 19540.232081531045, 19634.410316515656, 19724.00648988005, 19808.639340814836, 19887.931027919687, 19961.507129203364, 20028.996642083584]
