# 10 RBF
means = [2.0794415416798357, 3.152400149969236, 4.225358758258636, 5.298317366548036, 6.371275974837436, 7.444234583126836, 8.517193191416236, 9.590151799705637, 10.663110407995037, 11.736069016284437]
stddevs = [3.152400149969236, 3.152400149969236, 2.1459172165788005, 2.1459172165788005, 2.1459172165788, 2.1459172165788, 2.1459172165788, 2.145917216578801, 2.1459172165788, 2.1459172165788]
precomputation complete
times = [0.0, 0.2081858662318056, 2.2900445285498616, 11.47259439414554, 26.152458567603272, 43.61351237432386, 65.60841036621494, 90.6304980363205, 119.17591387925928, 151.79023269228136, 188.9727949983295, 231.88337034397935, 279.836739696596, 337.3490213652313, 404.5975889546784, 476.51953124673446, 567.8022753815288, 652.6517652762171, 720.0]
M_0 = [94.36247349993987, 94.341028003687, 94.12672982340581, 93.18430073723779, 91.68294230859482, 89.897371872541, 87.63877762182514, 85.05338348319847, 82.0959166440197, 78.74402306494054, 75.0224198862027, 70.93464214098036, 66.65356489489736, 61.75930426568893, 55.76165069536062, 48.03756120506545, 36.29822100221218, 26.170675769002123, 20.071515075485188]
M_1 = [30000.007061367025, 29998.61037081175, 29984.97717583931, 29931.536685343, 29864.560160773264, 29804.044308788572, 29738.388582394164, 29653.48758221315, 29519.29554694468, 29305.329356126036, 29001.08892048564, 28645.72408418698, 28394.9844129609, 28550.69142997037, 29610.081761586553, 31404.38193352153, 32041.083064649538, 29201.787113005103, 25667.72709291715]
M_2 = [1.7448457153131403e7, 1.7405502359161574e7, 1.7001841686129093e7, 1.5768306325806478e7, 1.5503005232941601e7, 1.7443557906510103e7, 2.2205006194344457e7, 2.8709000962063607e7, 3.4543696507115096e7, 3.5523054433430925e7, 2.601629380677916e7, 314793.59899036214, -4.1345809011454545e7, -8.847852929029319e7, -8.621481655169307e7, 5.905955873860803e7, 4.069881221333469e8, 6.442764095240618e8, 7.068954006789069e8]
c_init = [1.0923031644363551e-6, 6.561151551136117e-7, 4.985052979909079e-7, 78.44460888051448, 15.917861827377253, 5.836764144295145e-7, 2.592004599747149e-7, 2.388194084207581e-7, 5.0036783644661086e-8, 3.737913412857799e-8]
c_final = [-0.027876926097252102, 0.05376571125397047, -0.11139261463400914, 13.560582477251602, 3.9742973936314705, 1.563105211506891, 0.6355382347107648, 0.26852852921332787, 0.12447662549936221, 0.055700825687119516]
  5.516691 seconds (25.82 M allocations: 1.154 GiB, 4.42% gc time)

# 15 RBF
means = [2.0794415416798357, 2.769200647008736, 3.458959752337636, 4.148718857666536, 4.838477962995436, 5.528237068324336, 6.217996173653236, 6.907755278982137, 7.597514384311037, 8.287273489639936, 8.977032594968836, 9.666791700297738, 10.356550805626638, 11.046309910955538, 11.736069016284437]
stddevs = [2.769200647008736, 2.769200647008736, 1.3795182106578001, 1.3795182106577997, 1.3795182106578006, 1.3795182106578006, 1.3795182106577997, 1.3795182106578006, 1.3795182106578006, 1.3795182106577997, 1.3795182106577997, 1.3795182106578014, 1.3795182106578014, 1.3795182106577997, 1.3795182106577997]
precomputation complete
times = [0.0, 0.11481887896279208, 1.263007668590713, 3.9835020786900617, 7.7070195150910425, 13.083781044864795, 20.578837180800857, 29.532867657651778, 38.13647043441428, 45.54677176720414, 52.0239095284055, 58.08536049926012, 64.14717615473236, 70.43355390487542, 77.01004083423284, 83.83558502234322, 90.82036078556368, 97.8850272204182, 104.99143290297398, 112.14017542443702, 119.35238532099903, 126.65217943631562, 134.05671216356632, 141.57395624862397, 149.20524204405237, 156.9493730431405, 164.805554316261, 172.7750724770421, 180.86135098393487, 189.06918748854474, 197.40389036721703, 205.8725628199225, 214.48041429777433, 223.23122543582608, 232.12887114702895, 241.17790653631317, 250.38354880029735, 259.7515750439743, 269.28815968634564, 278.9999302108353, 288.8940031012076, 298.9771870293813, 309.25659467313534, 319.7398872456483, 330.435414084512, 341.36261503781924, 352.52970676129786, 363.94409332705754, 375.61512472793396, 387.5550647594648, 399.7791559379624, 412.30589360905105, 425.15666051548914, 438.3565117103913, 451.9401933880837, 465.94668529167484, 480.42472589161304, 495.43958496870204, 511.1160746955388, 527.6489493624225, 545.2439304012585, 564.2250651487577, 585.2659582686296, 611.5779516440222, 633.3783530537296, 652.9518049095922, 672.740376752558, 694.3774223092756, 720.0]
M_0 = [96.1200183113462, 96.11058320542517, 96.01622750977019, 95.79263074387812, 95.48652647166956, 95.04437756064857, 94.42776739057219, 93.69068744362464, 92.98195288794346, 92.37109387243882, 91.83682052940709, 91.33654514982958, 90.83596079464897, 90.31653920346054, 89.77282954446738, 89.20818737526778, 88.63001157852803, 88.04484616093174, 87.45583137620173, 86.86289488272988, 86.26425302121785, 85.6578622240419, 85.04224492630159, 84.41667658867375, 83.78097821720033, 83.13517728571962, 82.47926651472973, 81.81306591264608, 81.13622011496973, 80.44826444964049, 79.74870016121005, 79.03688979699213, 78.3123706727945, 77.57482066453679, 76.82393412050584, 76.05937560536836, 75.28078386756209, 74.48778223146803, 73.67999322057365, 72.85703351314865, 72.01850905505277, 71.16407891072555, 70.29339746027225, 69.40608514690473, 68.50170532924207, 67.57887197000562, 66.63711872474792, 65.67599437307328, 64.69480399755115, 63.692498838364095, 62.667638842708804, 61.61833386783306, 60.54223463444968, 59.4364239527321, 58.29686608773014, 57.118813650524615, 55.896292067963174, 54.6214713400307, 53.28091167755831, 51.85443944694061, 50.32000715915618, 48.644222611182975, 46.76131424654301, 44.372367190989635, 42.37065384438177, 40.56391997133827, 38.73707304880497, 36.75117188107074, 34.4341768809953]
M_1 = [29999.99835371523, 29999.62859928412, 29995.92646971956, 29987.125041009058, 29975.036949986803, 29957.573339606002, 29933.336587462192, 29904.62167690676, 29877.255104135602, 29853.801219279885, 29833.274432377555, 29814.016525362134, 29794.742012922456, 29774.73863945172, 29753.795909700897, 29732.05590519131, 29709.829568801222, 29687.403055894414, 29664.93482460543, 29642.460486066957, 29619.948933059724, 29597.35579835448, 29574.65181752267, 29551.82620187015, 29528.875304479876, 29505.78730924396, 29482.531644574687, 29459.05312291449, 29435.27156269103, 29411.084292199048, 29386.36948553446, 29360.983816717395, 29334.775643180812, 29307.587328271504, 29279.25540310718, 29249.61432425727, 29218.50297421594, 29185.772425606698, 29151.29495527481, 29114.973289705136, 29076.750751863012, 29036.625465954647, 28994.65978240343, 28950.990995691212, 28905.842180146898, 28859.489009770863, 28812.36490151757, 28765.0258204137, 28718.142616605994, 28672.49757115668, 28628.98058619603, 28588.578887029376, 28552.360579370095, 28521.442816311315, 28496.93749371183, 28479.90596158855, 28471.26003938531, 28471.637353358943, 28481.265467342244, 28499.79214449115, 28525.744729681053, 28555.72423123767, 28582.882652476797, 28591.09658646514, 28560.60399805941, 28492.934283517843, 28376.760245263926, 28186.664754763104, 27868.69297353895]
M_2 = [1.3157831348684357e7, 1.3160518052515898e7, 1.3186639157480314e7, 1.3243399206252087e7, 1.3311920300180674e7, 1.3400468523503087e7, 1.351944552361262e7, 1.3671576280438837e7, 1.3835993001044545e7, 1.3991782022969833e7, 1.4129079501904186e7, 1.4256396325819906e7, 1.438557773404346e7, 1.4520706390806694e7, 1.466174771540945e7, 1.4807056161507405e7, 1.4954829785407975e7, 1.5104351066155283e7, 1.525651846401578e7, 1.5413664544617552e7, 1.5579047171613842e7, 1.5756354985820306e7, 1.59493603452847e7, 1.6161704944553826e7, 1.6396762760678234e7, 1.6657544453753844e7, 1.6946597639321707e7, 1.726590743379073e7, 1.7616765862941355e7, 1.799961534686948e7, 1.8413884763478238e7, 1.8857944327661738e7, 1.932880641915762e7, 1.9822053600539904e7, 2.0331885010139257e7, 2.08511684846445e7, 2.1371509641016707e7, 2.188337323244653e7, 2.2376269286715806e7, 2.2839031920657437e7, 2.3260188093480587e7, 2.3628401254321627e7, 2.3933109023412194e7, 2.4165268281518646e7, 2.431823869531074e7, 2.4388870071633752e7, 2.4378427658058975e7, 2.4294413877609193e7, 2.415226032137142e7, 2.397718871626582e7, 2.3806355478163734e7, 2.369133415561571e7, 2.370097772522201e7, 2.3924653976623125e7, 2.4476185934528884e7, 2.5498274403961845e7, 2.7167786279457167e7, 2.9702897332317017e7, 3.338285169731796e7, 3.857810471875335e7, 4.576167556989989e7, 5.557959052280648e7, 6.907153221509896e7, 8.973066064002381e7, 1.0974681314723308e8, 1.2957466039029372e8, 1.509384223185373e8, 1.7520018895045266e8, 2.0419111764680815e8]
c_init = [-6.019138267544508e-7, 4.550189112796214e-8, 0.26458780751984956, 3.081912838010189, 13.91439923394419, 54.85847262751747, 24.00064620191532, 4.8522274934680645e-8, -1.7708443570740456e-8, 3.7839903098565557e-10, -3.970971485231851e-8, -2.420805281350034e-8, -1.6327989443664855e-8, -4.549492675781174e-9, -5.59425559296779e-9]
c_final = [-0.01846019741067095, 0.026461698958449235, 0.04091447113202295, 0.8257546574506314, 2.9366392854057737, 16.178853628598873, 7.7695813061794965, 3.5876237520140073, 1.6974442142177588, 0.8045447491027041, 0.3666900707180638, 0.15498676963412467, 0.05672382104967165, 0.002737246483131544, -0.00048586398496246045]
  6.991108 seconds (45.75 M allocations: 1.864 GiB, 5.30% gc time)


# 20 RBF
means = [2.0794415416798357, 2.587685092974815, 3.0959286442697938, 3.604172195564773, 4.112415746859752, 4.620659298154731, 5.12890284944971, 5.637146400744689, 6.145389952039668, 6.653633503334647, 7.161877054629626, 7.670120605924605, 8.178364157219583, 8.686607708514563, 9.194851259809543, 9.70309481110452, 10.2113383623995, 10.71958191369448, 11.227825464989458, 11.736069016284437]
stddevs = [2.587685092974815, 2.587685092974815, 1.016487102589958, 1.016487102589958, 1.0164871025899584, 1.016487102589958, 1.0164871025899576, 1.0164871025899584, 1.0164871025899584, 1.0164871025899576, 1.0164871025899576, 1.0164871025899584, 1.0164871025899576, 1.0164871025899576, 1.0164871025899593, 1.0164871025899576, 1.0164871025899576, 1.0164871025899593, 1.0164871025899576, 1.0164871025899576]
precomputation complete
times = [0.0, 0.1342365518342684, 0.43869058002108313, 0.8263289176455166, 1.3000842119065354, 1.8622050456948172, 2.5185762152953566, 3.28113892976299, 4.170992671777521, 5.220673400264257, 6.479023515139755, 8.02048613318881, 9.963356898718324, 12.497327123733783, 15.80845333110523, 19.692903259699793, 23.93212976264284, 27.778472423748187, 31.11046534505487, 34.14146662923987, 37.09035244246556, 40.094532214892, 43.208189235694235, 46.42599265131567, 49.7096666860145, 53.01729784104729, 56.32309419577508, 59.62093493130702, 62.91751340615623, 66.22317979056815, 69.54605515249241, 72.88994889692276, 76.25499150574882, 79.63942496762182, 83.04130013460764, 86.45943971649969, 89.89362759099467, 93.34431726173659, 96.81220949412555, 100.29793617859387, 103.8019265508765, 107.32442052707502, 110.8655556627982, 114.42545525679662, 118.00428021606274, 121.60224517890815, 125.21960472534873, 128.85663388776098, 132.5136103206447, 136.19080797522253, 139.88849650591823, 143.60694511618487, 147.34642701042617, 151.10722347153606, 154.88962377271457, 158.69392584675745, 162.52043519049508, 166.36946450585828, 170.24133281398585, 174.1363658397164, 178.05489614605384, 181.99726432284928, 185.96381888999292, 189.9549164629861, 193.97092326122356, 198.01221343144843, 202.0791702986675, 206.17218683813925, 210.2916656128009, 214.4380189842667, 218.61167016464003, 222.81305318220535, 227.04261256310565, 231.30080385293599, 235.58809644214296, 239.90497130681655, 244.25192243797457, 248.62945598451273, 253.0380934808587, 257.4783695623644, 261.9508337729474, 266.45605153599547, 270.99460485705356, 275.56709244118105, 280.1741301204763, 284.81635098632484, 289.49440708570364, 294.2089702378417, 298.96073161235574, 303.75040480508574, 308.57872581273557, 313.4464526789406, 318.3543677444125, 323.30327833595675, 328.29401814811945, 333.32744834454076, 338.40445870351647, 343.5259684678588, 348.69292895441663, 353.90632418672067, 359.1671715516742, 364.4765249651764, 369.83547746421317, 375.24516138487445, 380.7067503682476, 386.2214633009572, 391.7905684436705, 397.41538286878017, 403.09727110058964, 408.8376513558864, 414.63800054848383, 420.4998595495548, 426.4248335656295, 432.41459773776484, 438.4709002007927, 444.5955669417477, 450.7905085818868, 457.05772418005756, 463.39931076829896, 469.81746398264323, 476.31448829161627, 482.89280299086516, 489.5549561502679, 496.30363038921047, 503.1416549699089, 510.072014026028, 517.0978633412553, 524.2225420537694, 531.4495856461945, 538.7827634957359, 546.2261172182979, 553.7838703237874, 561.4605077148935, 569.2608142739027, 577.1899080154042, 585.2532640134195, 593.4567375316724, 601.80841987896, 610.3155469527115, 618.9846267001924, 627.8226335731259, 636.8374206077618, 646.0377798622175, 655.4333542034499, 665.0345175732691, 674.8523152364285, 684.8984692267594, 695.1854358155501, 705.7265004123805, 716.5358633839102, 720.0]
M_0 = [98.54057171656736, 98.52887891228595, 98.50266360500525, 98.46977023548676, 98.43011269463098, 98.3836166975514, 98.32987861155502, 98.2680002209023, 98.19636642714384, 98.11248577878308, 98.01262121891516, 97.89107541620555, 97.73878338247519, 97.54119465627987, 97.28410430449647, 96.98339037737922, 96.6557850512265, 96.35880902120229, 96.1016522386873, 95.86776778697893, 95.64023570842852, 95.40843634619458, 95.16817349296407, 94.9198425295666, 94.66638156942543, 94.41101177782411, 94.15571286710545, 93.90094796635482, 93.64619139940149, 93.39063480817292, 93.13364159676053, 92.87490819728121, 92.61441566939915, 92.35229161945195, 92.08867900438132, 91.82366150008656, 91.5572486495111, 91.28939827301804, 91.0200491043937, 90.749145280384, 90.47664673733392, 90.2025282009327, 89.92677244210365, 89.64936341997193, 89.37028222504385, 89.08950579592718, 88.80700796742119, 88.52276096898244, 88.23673680052599, 87.94890771433485, 87.65924625084008, 87.36772492722577, 87.07431587775042, 86.77899052245289, 86.48171956242709, 86.18247291614696, 85.88121979516082, 85.5779287228335, 85.27256759551992, 84.9651036445293, 84.65550341846293, 84.34373268288354, 84.02975642207511, 83.71353882087168, 83.39504314071596, 83.0742318488084, 82.75106651614301, 82.42550777778268, 82.09751533630453, 81.76704794424232, 81.43406332005364, 81.09851815103515, 80.76036811957947, 80.41956786285846, 80.07607074798577, 79.7298290540285, 79.38079385900818, 79.02891511000468, 78.67414136462263, 78.31641997461317, 77.95569693983363, 77.59191682790028, 77.22502271379105, 76.85495616494026, 76.48165719928232, 76.10506426483951, 75.72511408958506, 75.3417415989678, 74.95487993052011, 74.56446015970576, 74.17041127303888, 73.77266016350949, 73.37113140807962, 72.96574716641375, 72.55642701661404, 72.14308780707292, 71.7256434976523, 71.30400501792957, 70.87807997304495, 70.44777250439186, 70.01298314120743, 69.57360843750101, 69.12954064837541, 68.68066759955003, 68.2268724000946, 67.76803298915678, 67.30402166213929, 66.8347049852281, 66.35994377880725, 65.87959247001677, 65.39349855224815, 64.90150203104629, 64.40343529284277, 63.89912255495013, 63.388379553164164, 62.871013109656694, 62.34682057706028, 61.815589581977534, 61.27709734129038, 60.73111080349849, 60.17738606006052, 59.615668213722536, 59.04569068213231, 58.46717533014734, 57.8798322158625, 57.28335984373036, 56.67744488377059, 56.061762553585, 55.435977149510045, 54.79974073828498, 54.15269208564636, 53.49446715106551, 52.82469526486292, 52.1429992788958, 51.44899667974452, 50.742302057575074, 50.022530255108876, 49.289139195991375, 48.54170782711746, 47.779932881004605, 47.00353220451868, 46.212217487819025, 45.40569894891927, 44.58370421683696, 43.746001050518146, 42.89241576463957, 42.02284684731025, 41.13727490170012, 40.23577018822046, 39.31850174135052, 39.02623517652083]
M_1 = [29999.88464316917, 29979.53296494672, 29940.73904617089, 29902.445946449734, 29866.999543778547, 29835.16468671682, 29806.49102543147, 29780.087162054304, 29755.115302794933, 29731.028222057168, 29707.57403703006, 29684.707024536092, 29662.45568161364, 29640.816237108025, 29620.178498544436, 29601.981774960852, 29585.87922614234, 29573.045666140595, 29562.685393043197, 29553.62816726812, 29545.092380604758, 29536.634956996735, 29528.07746894218, 29519.4196629648, 29510.75129513882, 29502.167317962223, 29493.717584152575, 29485.402035142146, 29477.19094868951, 29469.048261434164, 29460.94532405534, 29452.86509880203, 29444.800023741718, 29436.747434299414, 29428.70547012967, 29420.67084951007, 29412.6384774047, 29404.602136785805, 29396.555441697205, 29388.492523827976, 29380.408298223145, 29372.298399926814, 29364.158961490124, 29355.986393636806, 29347.77725054276, 29339.528176599095, 29331.23592066772, 29322.89736344491, 29314.509541617008, 29306.069646835538, 29297.575012372472, 29289.023090193892, 29280.41142689028, 29271.73764054701, 29262.999407051793, 29254.194444744004, 29245.320503092953, 29236.375349764603, 29227.356758950664, 29218.26249689377, 29209.090308088525, 29199.8378992172, 29190.502926240468, 29181.082981195566, 29171.575576271774, 29161.97813575697, 29152.287981839338, 29142.502322939174, 29132.618244175635, 29122.632698237092, 29112.542495446294, 29102.344297727057, 29092.034614791126, 29081.609800033875, 29071.06604270419, 29060.39937430943, 29049.60566838252, 29038.680648161226, 29027.619886780394, 29016.418823605418, 29005.072773331056, 28993.576939954753, 28981.926434341305, 28970.116296262677, 28958.14151869434, 28945.997075871634, 28933.67795022665, 28921.179164282934, 28908.49581836398, 28895.623121415723, 28882.556431803714, 28869.291300572895, 28855.82350870836, 28842.149108786245, 28828.264464234275, 28814.16628789048, 28799.851677923416, 28785.318150830582, 28770.56366432219, 28755.58663890124, 28740.38597083661, 28724.961027312856, 28709.31163010813, 28693.438030684443, 28677.340861706387, 28661.021061363925, 28644.479772062416, 28627.71822416129, 28610.737589458065, 28593.538775014145, 28576.12217839737, 28558.487394869037, 28540.632886382547, 28522.55557649914, 28504.25038809416, 28485.709704433928, 28466.922746424, 28447.874873728957, 28428.54677640245, 28408.913593835798, 28388.943898061203, 28368.598575954755, 28347.829566264063, 28326.57849413127, 28304.77515296722, 28282.335860192972, 28259.16164368564, 28235.13629917218, 28210.12429854108, 28183.968467151008, 28156.487501749612, 28127.473831680552, 28096.69077097565, 28063.869692921395, 28028.707128334827, 27990.861837191682, 27949.951862592756, 27905.541576617878, 27857.15354465183, 27804.26720439392, 27746.31106618631, 27682.65812413359, 27612.623240496454, 27535.462057293847, 27450.37118088159, 27356.48919953663, 27252.898522133644, 27138.628138890494, 27012.657435823694, 26873.921661996115, 26827.36896638467]
M_2 = [4.384477600872634e7, 4.1868718190583736e7, 3.8175454853223845e7, 3.4653369345767215e7, 3.1540790769188896e7, 2.8898753615923263e7, 2.665898618221751e7, 2.471100570821442e7, 2.2957264221846025e7, 2.1337283583113037e7, 1.9827925044577036e7, 1.843524334368356e7, 1.7184904790607344e7, 1.6116968256038256e7, 1.529771852470526e7, 1.478155383936988e7, 1.4486275212843655e7, 1.4338443098371807e7, 1.4255966671259511e7, 1.419883820062888e7, 1.4157092331168659e7, 1.4126703044212054e7, 1.4105209411220368e7, 1.409146303168081e7, 1.4084792493052933e7, 1.4084492858701117e7, 1.4089806263784245e7, 1.4100105902981661e7, 1.4114986832206571e7, 1.4134205688585117e7, 1.4157582486845136e7, 1.4184937425565869e7, 1.4216071399451174e7, 1.4250774500252645e7, 1.4288845103536868e7, 1.4330105916172981e7, 1.4374410342220211e7, 1.442163965376567e7, 1.4471695636811225e7, 1.4524493577034507e7, 1.4579958123422043e7, 1.4638022176559066e7, 1.4698627712639991e7, 1.4761727064547084e7, 1.482728369701056e7, 1.489527230896242e7, 1.4965678257636283e7, 1.50384968166465e7, 1.5113732441575829e7, 1.5191398312607685e7, 1.5271516032362506e7, 1.5354115457577415e7, 1.5439234565901415e7, 1.5526919327120697e7, 1.5617223461987939e7, 1.5710208218753956e7, 1.5805942090610296e7, 1.5904500543553136e7, 1.600596571597884e7, 1.6110426145284621e7, 1.6217976476425722e7, 1.632871719592836e7, 1.644275431742412e7, 1.6560199069385612e7, 1.668116762757679e7, 1.6805780738527063e7, 1.693416344914638e7, 1.7066444822619602e7, 1.720275765278583e7, 1.7343238213304557e7, 1.748802607404022e7, 1.7637263920283966e7, 1.77910974126693e7, 1.794967514515724e7, 1.811314878185852e7, 1.8281673074512713e7, 1.8455406139656994e7, 1.8634509759489134e7, 1.881915000780548e7, 1.90094977867688e7, 1.920572972643318e7, 1.9408029249276683e7, 1.9616587844786443e7, 1.9831606558440782e7, 2.0053297761764195e7, 2.0281887197255015e7, 2.051761642357812e7, 2.0760745561413944e7, 2.101155633896955e7, 2.1270355731716704e7, 2.153747985698967e7, 2.1813298293832436e7, 2.2098219034646828e7, 2.2392693851674546e7, 2.2697224236336328e7, 2.3012367876544423e7, 2.3338745713121727e7, 2.3677049570926458e7, 2.402805052619217e7, 2.439260776727537e7, 2.477167808433631e7, 2.5166326185797755e7, 2.5577735627224952e7, 2.600722018189853e7, 2.6456235959733024e7, 2.692639428872168e7, 2.741947520157077e7, 2.7937441015862636e7, 2.848245021940078e7, 2.905687242360311e7, 2.966330352763841e7, 3.0304581124492016e7, 3.0983799411320493e7, 3.1704324531603627e7, 3.2469809323626153e7, 3.3284207748242784e7, 3.415178883099848e7, 3.507714916726944e7, 3.6065224912625894e7, 3.712130069321652e7, 3.8251017804314345e7, 3.946037916278841e7, 4.0755752651127964e7, 4.214386940398413e7, 4.363181901808068e7, 4.5227039022360764e7, 4.6937300588994145e7, 4.8770686763372116e7, 5.0735563573363245e7, 5.284055000928915e7, 5.5094481044205025e7, 5.7506320144612744e7, 6.008510840251131e7, 6.283989189947731e7, 6.5779635009571016e7, 6.891311620991468e7, 7.224880743130931e7, 7.579553431238884e7, 7.95610700622231e7, 8.355188981686169e7, 8.777343896683982e7, 9.223011048403114e7, 9.692505727993092e7, 1.0185990530190814e8, 1.0703441636322561e8, 1.1244615305368686e8, 1.1809016043105844e8, 1.2395866904974052e8, 1.3004082138412124e8, 1.3632240342846793e8, 1.383387264337229e8]
c_init = [-7.805362208685081e-7, 0.08424687390243363, 0.14444970022845155, 0.6344907226115178, 2.4568064633114672, 8.21725182949999, 21.86463794195137, 37.98451650833174, 26.038380245439242, 1.1297934271417411, 1.8862195429314415e-7, 4.114629490855887e-7, 0.00019389548247196532, 0.00013687072491141332, 0.00032553372617109903, 0.0004487065793971013, 0.000962600356613222, 0.0009702216206614449, 0.0033251791115707172, 0.0017293807673211133]
c_final = [0.000580896774769093, 0.024149380245775065, 0.03906210072627862, 0.16594762856655004, 0.6200417414870172, 2.1074831488551844, 6.04364840151492, 12.925142200096758, 8.724452165365355, 3.9477907054656067, 2.0669766312756686, 1.1213020767340507, 0.6127486704392479, 0.32975052040076996, 0.1720302402295292, 0.08461530908686063, 0.03794959033792684, 0.009502514638426975, -0.0006978319106843335, 0.00014210170542691849]
 10.218593 seconds (92.65 M allocations: 3.581 GiB, 6.58% gc time)

# 10 RBF
means = [2.0794415416798357, 4.4935984103309865, 6.907755278982137, 9.321912147633286, 11.736069016284437]
stddevs = [4.4935984103309865, 4.4935984103309865, 4.828313737302301, 4.8283137373023, 4.828313737302301]
precomputation complete
times = [0.0, 0.26232149256144716, 2.8855364181759184, 16.83553417447903, 40.42944967544658, 67.64912040154418, 101.89297467406882, 146.8484852430613, 189.53384562115716, 236.98437750402405, 288.5297694192666, 349.5878107772578, 427.2892523724494, 526.4862913260506, 653.5460585637654, 720.0]
M_0 = [45.16029395241076, 45.09827958401213, 44.473698688886536, 41.03449097267341, 34.97076512022231, 28.176593551538435, 20.87707811894496, 14.025852620385923, 9.88670981416407, 7.013497698349862, 5.088866546544293, 3.690806008721088, 2.6323778453891253, 1.8575548560972768, 1.303286121099014, 1.1150335682351977]
M_1 = [29992.688900610705, 30041.443510153378, 30530.988920738797, 33152.80128180955, 37242.18541100386, 40495.30507106897, 41564.37467970976, 38999.880320002856, 34803.86258185567, 30043.63288338897, 25583.531259233332, 21403.20508465091, 17473.044464639755, 13985.47954575882, 11024.799288831053, 9896.88954726428]
M_2 = [1.576786792032852e9, 1.5819214551944988e9, 1.6335248786200738e9, 1.911958256874339e9, 2.3602065954873447e9, 2.7545000662261662e9, 2.980002377297891e9, 2.9002046565215006e9, 2.636215212338434e9, 2.302724186245774e9, 1.9761770144481027e9, 1.6628180286061356e9, 1.3637164674680877e9, 1.0954856961131136e9, 8.660572613963908e8, 7.782821539925042e8]
c_init = [-2.522374804211273e-9, 46.050577256210595, -1.9402438650661365e-10, -8.242142934177158e-11, 0.7833032166154562]
c_final = [0.08414625238874626, 1.0489164451053847, -0.07858620079022226, -0.08562606631815659, 0.4282692866959192]
 4.455808 seconds (15.23 M allocations: 774.022 MiB, 4.58% gc time)