bimodal_golovin
Tmax, nbin, dt, scal, emin, rhow, B, k1, theta, N0 
[14400, 32, 100.0, 1, 7.091336e-10, 1e-09, 1.5e-09, 4, 100, 100]

v_grid = [1.06370040e+00, 2.12740080e+00, 4.25480160e+00, 8.50960320e+00,
 1.70192064e+01, 3.40384128e+01, 6.80768256e+01, 1.36153651e+02,
 2.72307302e+02, 5.44614605e+02, 1.08922921e+03, 2.17845842e+03,
 4.35691684e+03, 8.71383368e+03, 1.74276674e+04, 3.48553347e+04,
 6.97106694e+04, 1.39421339e+05, 2.78842678e+05, 5.57685355e+05,
 1.11537071e+06, 2.23074142e+06, 4.46148284e+06, 8.92296569e+06,
 1.78459314e+07, 3.56918627e+07, 7.13837255e+07, 1.42767451e+08,
 2.85534902e+08, 5.71069804e+08, 1.14213961e+09, 2.28427922e+09]
r_grid = [6.33252487e-01, 7.97848139e-01, 1.00522566e+00, 1.26650497e+00,
 1.59569628e+00, 2.01045133e+00, 2.53300995e+00, 3.19139256e+00,
 4.02090266e+00, 5.06601990e+00, 6.38278511e+00, 8.04180532e+00,
 1.01320398e+01, 1.27655702e+01, 1.60836106e+01, 2.02640796e+01,
 2.55311404e+01, 3.21672213e+01, 4.05281592e+01, 5.10622809e+01,
 6.43344425e+01, 8.10563184e+01, 1.02124562e+02, 1.28668885e+02,
 1.62112637e+02, 2.04249124e+02, 2.57337770e+02, 3.24225274e+02,
 4.08498247e+02, 5.14675540e+02, 6.48450547e+02, 8.16996494e+02]

gr0 = [1.49485690e+000, 1.11401993e+001, 7.73377097e+001, 4.65915886e+002,
 2.11409202e+003, 5.45293357e+003, 4.86696771e+003, 6.37983830e+003,
 4.91647643e+004, 1.03320202e+005, 1.42594918e+004, 8.48773230e+000,
 9.39759980e-008, 3.60012446e-025, 1.65108211e-061, 1.08522805e-135,
 1.46512846e-285, 0.00000000e+000, 0.00000000e+000, 0.00000000e+000,
 0.00000000e+000, 0.00000000e+000, 0.00000000e+000, 0.00000000e+000,
 0.00000000e+000, 0.00000000e+000, 0.00000000e+000, 0.00000000e+000,
 0.00000000e+000, 0.00000000e+000, 0.00000000e+000, 0.00000000e+000]
gr36 = [1.16650859e+000, 8.68430303e+000, 6.01575382e+001, 3.60884782e+002,
 1.62532948e+003, 4.15841414e+003, 3.72754408e+003, 4.64652198e+003,
 3.38367989e+004, 7.85291015e+004, 4.54897516e+004, 1.27109084e+004,
 4.29810364e+002, 3.23526268e-029, 1.17644647e-069, 1.35722123e-152,
 6.42285340e-323, 0.00000000e+000, 0.00000000e+000, 0.00000000e+000,
 0.00000000e+000, 0.00000000e+000, 0.00000000e+000, 0.00000000e+000,
 0.00000000e+000, 0.00000000e+000, 0.00000000e+000, 0.00000000e+000,
 0.00000000e+000, 0.00000000e+000, 0.00000000e+000, 0.00000000e+000]
gr144 = [5.82475855e-001, 4.32783799e+000, 2.98553568e+001, 1.77659875e+002,
 7.88785708e+002, 1.98617643e+003, 1.79064932e+003, 2.03633706e+003,
 1.31028885e+004, 3.15954376e+004, 4.02502652e+004, 5.50076170e+004,
 6.96940337e+003, 5.34633200e-037, 4.31779700e-085, 6.81715641e-184,
 4.94065646e-324, 0.00000000e+000, 0.00000000e+000, 0.00000000e+000,
 0.00000000e+000, 0.00000000e+000, 0.00000000e+000, 0.00000000e+000,
 0.00000000e+000, 0.00000000e+000, 0.00000000e+000, 0.00000000e+000,
 0.00000000e+000, 0.00000000e+000, 0.00000000e+000, 0.00000000e+000]
t_bott = [    0.,   100.,   200.,   300.,   400.,   500.,   600.,   700.,   800.,
   900.,  1000.,  1100.,  1200.,  1300.,  1400.,  1500.,  1600.,  1700.,
  1800.,  1900.,  2000.,  2100.,  2200.,  2300.,  2400.,  2500.,  2600.,
  2700.,  2800.,  2900.,  3000.,  3100.,  3200.,  3300.,  3400.,  3500.,
  3600.,  3700.,  3800.,  3900.,  4000.,  4100.,  4200.,  4300.,  4400.,
  4500.,  4600.,  4700.,  4800.,  4900.,  5000.,  5100.,  5200.,  5300.,
  5400.,  5500.,  5600.,  5700.,  5800.,  5900.,  6000.,  6100.,  6200.,
  6300.,  6400.,  6500.,  6600.,  6700.,  6800.,  6900.,  7000.,  7100.,
  7200.,  7300.,  7400.,  7500.,  7600.,  7700.,  7800.,  7900.,  8000.,
  8100.,  8200.,  8300.,  8400.,  8500.,  8600.,  8700.,  8800.,  8900.,
  9000.,  9100.,  9200.,  9300.,  9400.,  9500.,  9600.,  9700.,  9800.,
  9900., 10000., 10100., 10200., 10300., 10400., 10500., 10600., 10700.,
 10800., 10900., 11000., 11100., 11200., 11300., 11400., 11500., 11600.,
 11700., 11800., 11900., 12000., 12100., 12200., 12300., 12400., 12500.,
 12600., 12700., 12800., 12900., 13000., 13100., 13200., 13300., 13400.,
 13500., 13600., 13700., 13800., 13900., 14000., 14100., 14200., 14300.,
 14400.]
M0_bott = [200.0178192 , 198.72962159, 197.44760365, 196.17254014, 194.90462989,
 193.6439667 , 192.39060165, 191.14456288, 189.9058642 , 188.67450964,
 187.45049614, 186.23381533, 185.0244547 , 183.82239849, 182.62762838,
 181.44012396, 180.25986316, 179.08682255, 177.92097765, 176.76230311,
 175.6107729 , 174.46636048, 173.32903891, 172.19878098, 171.07555927,
 169.95934629, 168.85011446, 167.74783625, 166.65248419, 165.56403088,
 164.4824491 , 163.40771177, 162.33979201, 161.27866313, 160.22429868,
 159.17667243, 158.13575839, 157.10153082, 156.07396423, 155.05303337,
 154.03871324, 153.03097907, 152.02980634, 151.03517078, 150.0470483 ,
 149.06541506, 148.09024742, 147.12152192, 146.1592153 , 145.20330447,
 144.2537665 , 143.3105786 , 142.37371813, 141.44316255, 140.51888946,
 139.60087652, 138.6891015 , 137.78354222, 136.88417655, 135.99098242,
 135.10393778, 134.22302056, 133.34820875, 132.47948027, 131.61681305,
 130.76018496, 129.90957383, 129.06495743, 128.22631345, 127.39361951,
 126.5668531 , 125.74599163, 124.9310124 , 124.12189258, 123.31860919,
 122.52113913, 121.72945913, 120.94354578, 120.16337551, 119.38892455,
 118.62016899, 117.85708472, 117.09964744, 116.34783267, 115.60161572,
 114.86097173, 114.12587562, 113.39630209, 112.67222568, 111.95362068,
 111.2404612 , 110.53272113, 109.83037416, 109.13339377, 108.44175322,
 107.75542559, 107.07438374, 106.39860033, 105.72804781, 105.06269847,
 104.40252436, 103.74749736, 103.09758918, 102.45277133, 101.81301514,
 101.17829176, 100.54857219,  99.92382725,  99.30402762,  98.6891438 ,
  98.07914616,  97.47400492,  96.87369017,  96.27817188,  95.68741986,
  95.10140384,  94.52009341,  93.94345809,  93.37146727,  92.80409025,
  92.24129627,  91.68305447,  91.12933393,  90.58010365,  90.0353326 ,
  89.49498966,  88.95904372,  88.42746357,  87.90021803,  87.37727584,
  86.85860578,  86.34417657,  85.83395695,  85.32791567,  84.82602147,
  84.32824311,  83.83454939,  83.34490912,  82.85929115,  82.37766437,
  81.8999977 ,  81.42626015,  80.95642076,  80.49044862,  80.02831293]
M1_bott = [43003.46701939, 43003.46684213, 43003.46257272, 43003.44611517,
 43003.40755035, 43003.33538832, 43003.21676591, 43003.03759169,
 43002.78265498, 43002.43571149, 43001.97955325, 43001.39606804,
 43000.66629163, 42999.77045529, 42998.68803005, 42997.39776908,
 42995.87774893, 42994.10541031, 42992.05759883, 42989.71060598,
 42987.04021062, 42984.02172111, 42980.63001801, 42976.8395976 ,
 42972.62461602, 42967.95893406, 42962.81616254, 42957.16970817,
 42950.99281986, 42944.25863523, 42936.94022741, 42929.01065179,
 42920.44299283, 42911.21041059, 42901.28618699, 42890.64377167,
 42879.25682727, 42867.09927405, 42854.14533374, 42840.3695725 ,
 42825.74694285, 42810.25282459, 42793.86306443, 42776.55401439,
 42758.30256885, 42739.08620008, 42718.88299238, 42697.67167449,
 42675.43165054, 42652.1430291 , 42627.78665069, 42602.34411341,
 42575.79779678, 42548.13088377, 42519.32738095, 42489.37213682,
 42458.25085824, 42425.95012498, 42392.45740245, 42357.76105253,
 42321.85034259, 42284.71545266, 42246.34748087, 42206.73844706,
 42165.88129474, 42123.76989125, 42080.3990264 , 42035.76440947,
 41989.86266459, 41942.69132474, 41894.24882423, 41844.5344898 ,
 41793.54853045, 41741.29202596, 41687.76691419, 41632.97597728,
 41576.92282679, 41519.61188776, 41461.04838189, 41401.23830985,
 41340.18843269, 41277.9062526 , 41214.39999296, 41149.67857769,
 41083.75161022, 41016.62935174, 40948.32269925, 40878.84316303,
 40808.20284395, 40736.41441043, 40663.49107524, 40589.44657215,
 40514.29513242, 40438.05146136, 40360.73071477, 40282.34847546,
 40202.92072994, 40122.46384507, 40040.99454506, 39958.52988851,
 39875.08724584, 39790.68427685, 39705.33890871, 39619.06931415,
 39531.89389016, 39443.83123689, 39354.90013713, 39265.11953611,
 39174.50852173, 39083.08630532, 38990.87220283, 38897.88561651,
 38804.14601707, 38709.67292641, 38614.48590076, 38518.60451447,
 38422.0483442 , 38324.83695374, 38226.98987931, 38128.52661539,
 38029.46660114, 37929.82920725, 37829.63372346, 37728.89934646,
 37627.64516845, 37525.8901661 , 37423.65319009, 37320.95295516,
 37217.80803065, 37114.23683147, 37010.25760967, 36905.88844639,
 36801.14724431, 36696.05172054, 36590.61940002, 36484.86760924,
 36378.81347048, 36272.47389646, 36165.8655853 , 36059.005016  ,
 35951.90844421, 35844.5918984 , 35737.07117639, 35629.36184223,
 35521.47922339]
M2_bott = [20016666.11485739, 20255986.00583374, 20501351.91440111,
 20751027.72645823, 21004581.09760745, 21261795.43947324,
 21522530.23332171, 21786678.8729826 , 22054151.42739374,
 22324866.28966018, 22598745.66437345, 22875712.93946348,
 23155691.07391693, 23438601.57405954, 23724363.83125475,
 24012894.69255896, 24304108.18788594, 24597915.36618022,
 24894224.20995874, 25192939.60778825, 25493963.37065434,
 25797194.28229661, 26102528.17630763, 26409858.03463799,
 26719074.10342421, 27030064.02295681, 27342712.96925107,
 27656903.8051561 , 27972517.23928904, 28289431.99134662,
 28607524.9625511 , 28926671.41014625, 29246745.12498677,
 29567618.61136593, 29889163.26831095, 30211249.57164567,
 30533747.25617931, 30856525.49743239, 31179453.09235536,
 31502398.63853582, 31825230.7114272 , 32147818.03916414,
 32470029.6745612 , 32791735.16392036, 33112804.7122997 ,
 33433109.34492188, 33752521.06442573, 34070913.0036881 ,
 34388159.57396657, 34704136.60813561, 35018721.49881095,
 35331793.33117807, 35643233.01036144, 35952923.38319145,
 36260749.35424556, 36566597.99605963, 36870358.65342421,
 37171923.04169843, 37471185.33909246, 37768042.27288615,
 38062393.19956865, 38354140.17889941, 38643188.04190689,
 38929444.45285596, 39212819.96522912, 39493228.07178075,
 39770585.24873607, 40044810.99421886, 40315827.86100388,
 40583561.48370034, 40847940.60048324, 41108897.06949873,
 41366365.88007838, 41620285.15890514, 41870596.17128112,
 42117243.31765388, 42360174.12556368, 42599339.23717919,
 42834692.39259376, 43066190.40905796, 43293793.15632718,
 43517463.52830568, 43737167.41116984, 43952873.64815523,
 44164554.00119202, 44372183.1095739 , 44575738.44584462,
 44775200.26908591, 44970551.57578839, 45161778.04848571,
 45348868.00232945, 45531812.32977967, 45710604.44358293,
 45885240.21820602, 46055717.92989003, 46222038.19548509,
 46384203.91022205, 46542220.18457267, 46696094.28034532,
 46845835.54615796, 46991455.35242554, 47132967.02599344,
 47270385.78454346, 47403728.67089341, 47533014.48730616,
 47658263.7299182 , 47779498.52339267, 47896742.55589619,
 48010021.01449331, 48119360.52104731, 48224789.06871038,
 48326335.95908108, 48424031.74010208, 48517908.14476557,
 48607998.03068902, 48694335.3206192 , 48776954.94391733,
 48855892.77907383, 48931185.5972964 , 49002871.00721122,
 49070987.40071232, 49135573.89999043, 49196670.30576877,
 49254317.0467692 , 49308555.13042895, 49359426.09488406,
 49406971.96223322, 49451235.19309201, 49492258.64244457,
 49530085.51679708, 49564759.33263499, 49596323.87618281,
 49624823.16446359, 49650301.4076524 , 49672802.97271668,
 49692372.34833364, 49709054.11107405, 49722892.89283887,
 49733933.34953503, 49742220.13097398, 49747797.85197623,
 49750711.06466339, 49751004.23191854, 49748721.70199439,
 49743907.68424834]
mprecip_bin = [1.96108259e+00, 2.30972231e+01, 5.01443273e+01, 8.15758784e+01,
 1.17052270e+02, 1.56427671e+02, 1.99622734e+02, 2.46586323e+02,
 2.97280006e+02, 3.51670667e+02, 4.09726605e+02, 4.71415346e+02,
 5.36702355e+02, 6.05550285e+02, 6.77918526e+02, 7.53762961e+02,
 8.33035853e+02, 9.15685810e+02, 1.00165782e+03, 1.09089334e+03,
 1.18333036e+03, 1.27890357e+03, 1.37754450e+03, 1.47918164e+03,
 1.58374065e+03, 1.69114448e+03, 1.80131359e+03, 1.91416609e+03,
 2.02961793e+03, 2.14758310e+03, 2.26797374e+03, 2.39070041e+03,
 2.51567218e+03, 2.64279687e+03, 2.77198115e+03, 2.90313078e+03,
 3.03615073e+03, 3.17094532e+03, 3.30741845e+03, 3.44547368e+03,
 3.58501442e+03, 3.72594404e+03, 3.86816606e+03, 4.01158424e+03,
 4.15610272e+03, 4.30162615e+03, 4.44805981e+03, 4.59530975e+03,
 4.74328283e+03, 4.89188691e+03, 5.04103089e+03, 5.19062483e+03,
 5.34058003e+03, 5.49080913e+03, 5.64122616e+03, 5.79174665e+03,
 5.94228767e+03, 6.09276792e+03, 6.24310775e+03, 6.39322926e+03,
 6.54305632e+03, 6.69251464e+03, 6.84153178e+03, 6.99003720e+03,
 7.13796230e+03, 7.28524044e+03, 7.43180696e+03, 7.57759922e+03,
 7.72255656e+03, 7.86662040e+03, 8.00973417e+03, 8.15184333e+03,
 8.29289543e+03, 8.43284001e+03, 8.57162868e+03, 8.70921508e+03,
 8.84555486e+03, 8.98060567e+03, 9.11432716e+03, 9.24668095e+03,
 9.37763061e+03, 9.50714163e+03, 9.63518142e+03, 9.76171925e+03,
 9.88672625e+03, 1.00101754e+04, 1.01320413e+04, 1.02523006e+04,
 1.03709315e+04, 1.04879138e+04, 1.06032291e+04, 1.07168605e+04,
 1.08287929e+04, 1.09390124e+04, 1.10475069e+04, 1.11542656e+04,
 1.12592791e+04, 1.13625396e+04, 1.14640403e+04, 1.15637760e+04,
 1.16617426e+04, 1.17579373e+04, 1.18523584e+04, 1.19450054e+04,
 1.20358789e+04, 1.21249806e+04, 1.22123130e+04, 1.22978800e+04,
 1.23816860e+04, 1.24637365e+04, 1.25440380e+04, 1.26225976e+04,
 1.26994234e+04, 1.27745241e+04, 1.28479091e+04, 1.29195887e+04,
 1.29895736e+04, 1.30578754e+04, 1.31245061e+04, 1.31894782e+04,
 1.32528049e+04, 1.33144999e+04, 1.33745771e+04, 1.34330513e+04,
 1.34899372e+04, 1.35452502e+04, 1.35990060e+04, 1.36512207e+04,
 1.37019104e+04, 1.37510920e+04, 1.37987821e+04, 1.38449980e+04,
 1.38897569e+04, 1.39330764e+04, 1.39749741e+04, 1.40154679e+04,
 1.40545757e+04, 1.40923157e+04, 1.41287061e+04, 1.41637650e+04,
 1.41975109e+04, 1.42299621e+04, 1.42611372e+04, 1.42910544e+04,
 1.43197323e+04]
