constK
Tmax, nbin, dt, scal, emin, rhow, B, k1, theta, N0 
constK
Tmax, nbin, dt, scal, emin, rhow, A, k1, theta, N0 
[360, 32, 10.0, 1, 7.091336e-10, 1e-09, 0.0001, 3, 100, 100]

v_grid = [1.06370040e+00, 2.12740080e+00, 4.25480160e+00, 8.50960320e+00,
 1.70192064e+01, 3.40384128e+01, 6.80768256e+01, 1.36153651e+02,
 2.72307302e+02, 5.44614605e+02, 1.08922921e+03, 2.17845842e+03,
 4.35691684e+03, 8.71383368e+03, 1.74276674e+04, 3.48553347e+04,
 6.97106694e+04, 1.39421339e+05, 2.78842678e+05, 5.57685355e+05,
 1.11537071e+06, 2.23074142e+06, 4.46148284e+06, 8.92296569e+06,
 1.78459314e+07, 3.56918627e+07, 7.13837255e+07, 1.42767451e+08,
 2.85534902e+08, 5.71069804e+08, 1.14213961e+09, 2.28427922e+09]
r_grid = [6.33252487e-01, 7.97848139e-01, 1.00522566e+00, 1.26650497e+00,
 1.59569628e+00, 2.01045133e+00, 2.53300995e+00, 3.19139256e+00,
 4.02090266e+00, 5.06601990e+00, 6.38278511e+00, 8.04180532e+00,
 1.01320398e+01, 1.27655702e+01, 1.60836106e+01, 2.02640796e+01,
 2.55311404e+01, 3.21672213e+01, 4.05281592e+01, 5.10622809e+01,
 6.43344425e+01, 8.10563184e+01, 1.02124562e+02, 1.28668885e+02,
 1.62112637e+02, 2.04249124e+02, 2.57337770e+02, 3.24225274e+02,
 4.08498247e+02, 5.14675540e+02, 6.48450547e+02, 8.16996494e+02]

gr0 = [1.89997968e-004, 3.00780272e-003, 4.71118486e-002, 7.22390058e-001,
 1.06153668e+001, 1.43265465e+002, 1.63092710e+003, 1.32099336e+004,
 5.41642610e+004, 5.69137520e+004, 3.92740803e+003, 1.16886311e+000,
 6.47081421e-009, 1.23945140e-026, 2.84217402e-063, 9.34056199e-138,
 6.30518316e-288, 0.00000000e+000, 0.00000000e+000, 0.00000000e+000,
 0.00000000e+000, 0.00000000e+000, 0.00000000e+000, 0.00000000e+000,
 0.00000000e+000, 0.00000000e+000, 0.00000000e+000, 0.00000000e+000,
 0.00000000e+000, 0.00000000e+000, 0.00000000e+000, 0.00000000e+000]
gr9 = [8.76843027e-005, 1.38810478e-003, 2.17421816e-002, 3.33384385e-001,
 4.89904841e+000, 6.61204347e+001, 7.53228033e+002, 6.19155031e+003,
 2.90624543e+004, 5.68861274e+004, 3.24134178e+004, 4.53061057e+003,
 8.09717120e+001, 5.90168556e-027, 1.35330981e-063, 4.44753701e-138,
 3.00223215e-288, 0.00000000e+000, 0.00000000e+000, 0.00000000e+000,
 0.00000000e+000, 0.00000000e+000, 0.00000000e+000, 0.00000000e+000,
 0.00000000e+000, 0.00000000e+000, 0.00000000e+000, 0.00000000e+000,
 0.00000000e+000, 0.00000000e+000, 0.00000000e+000, 0.00000000e+000]
gr36 = [2.24059690e-005, 3.54702407e-004, 5.55578056e-003, 8.51898511e-002,
 1.25186964e+000, 1.68973444e+001, 1.92683626e+002, 1.60737910e+003,
 8.44797760e+003, 2.67263877e+004, 4.79516207e+004, 3.75215404e+004,
 5.07902537e+003, 1.55995190e-027, 3.57711061e-064, 1.17558683e-138,
 7.93559347e-289, 0.00000000e+000, 0.00000000e+000, 0.00000000e+000,
 0.00000000e+000, 0.00000000e+000, 0.00000000e+000, 0.00000000e+000,
 0.00000000e+000, 0.00000000e+000, 0.00000000e+000, 0.00000000e+000,
 0.00000000e+000, 0.00000000e+000, 0.00000000e+000, 0.00000000e+000]
t_bott = [  0.,  10.,  20.,  30.,  40.,  50.,  60.,  70.,  80.,  90., 100., 110.,
 120., 130., 140., 150., 160., 170., 180., 190., 200., 210., 220., 230.,
 240., 250., 260., 270., 280., 290., 300., 310., 320., 330., 340., 350.,
 360.]
M0_bott = [100.02742911,  95.44390987,  91.25074986,  87.40534229,  83.86810069,
  80.60438749,  77.58420766,  74.78161038,  72.17409565,  69.74209198,
  67.46851323,  65.33838745,  63.3385471 ,  61.4573702 ,  59.68456363,
  58.01098107,  56.4284694 ,  54.92973883,  53.50825254,  52.15813261,
  50.87407956,  49.65130332,  48.48546376,  47.37261936,  46.30918266,
  45.29188157,  44.31772569,  43.38397674,  42.48812276,  41.6278553 ,
  40.80104942,  40.00574591,  39.24013562,  38.50254545,  37.79142594,
  37.10534019,  36.44295387]
M1_bott = [30036.86397276, 30036.86382382, 30036.85939424, 30036.83680044,
 30036.77098356, 30036.62427546, 30036.34557349, 30035.87020974,
 30035.12043325, 30034.00639696, 30032.42753159, 30030.27419154,
 30027.42946783, 30023.77107713, 30019.1732516 , 30013.50856967,
 30006.64968265, 29998.47090477, 29988.84964534, 29977.6676712 ,
 29964.81219451, 29950.17678734, 29933.66212837, 29915.17659054,
 29894.63668064, 29871.96734296, 29847.10214027, 29819.98332526,
 29790.56181568, 29758.79708579, 29724.65698635, 29688.11750439,
 29649.16247315, 29607.78324201, 29563.97831483, 29517.75296468,
 29469.11883176]
M2_bott = [12000792.33848365, 12840799.05045425, 13692947.00922961,
 14550281.308867  , 15410258.15436676, 16271479.63692717,
 17133029.60788131, 17994208.8010742 , 18854407.86697587,
 19713042.52386048, 20569520.93465996, 21423229.11678123,
 22273526.75933728, 23119749.01131956, 23961211.53810741,
 24797217.16607159, 25627063.07084418, 26450047.8726033 ,
 27265478.2668168 , 28072674.99127798, 28870978.0411419 ,
 29659751.11338703, 30438385.30433412, 31206302.10783438,
 31962955.77383443, 32707835.09155519, 33440464.66140618,
 34160405.71693897, 34867256.55389619, 35560652.61854614,
 36240266.30250344, 36905806.48641339, 37557017.87037269,
 38193680.12484131, 38815606.89208164, 39422644.66482767,
 40014671.5659088 ]
mprecip_bin = [2.70064725e-01, 2.13810793e+01, 6.54743004e+01, 1.33068613e+02,
 2.25515927e+02, 3.43540242e+02, 4.87227711e+02, 6.56115244e+02,
 8.49292802e+02, 1.06550175e+03, 1.30322372e+03, 1.56075810e+03,
 1.83628789e+03, 2.12793450e+03, 2.43380235e+03, 2.75201447e+03,
 3.08074017e+03, 3.41821605e+03, 3.76276137e+03, 4.11278863e+03,
 4.46681040e+03, 4.82344306e+03, 5.18140798e+03, 5.53953089e+03,
 5.89673971e+03, 6.25206125e+03, 6.60461723e+03, 6.95361956e+03,
 7.29836548e+03, 7.63823231e+03, 7.97267228e+03, 8.30120728e+03,
 8.62342375e+03, 8.93896774e+03, 9.24754013e+03, 9.54889207e+03,
 9.84282068e+03]
