geometric
Tmax, nbin, dt, scal, emin, rhow, C, k1, theta, N0 
[360, 32, 10.0, 1, 7.091336e-10, 1e-09, 3.141592653589793e-09, 3, 100, 100]

v_grid = [1.06370040e+00, 2.12740080e+00, 4.25480160e+00, 8.50960320e+00,
 1.70192064e+01, 3.40384128e+01, 6.80768256e+01, 1.36153651e+02,
 2.72307302e+02, 5.44614605e+02, 1.08922921e+03, 2.17845842e+03,
 4.35691684e+03, 8.71383368e+03, 1.74276674e+04, 3.48553347e+04,
 6.97106694e+04, 1.39421339e+05, 2.78842678e+05, 5.57685355e+05,
 1.11537071e+06, 2.23074142e+06, 4.46148284e+06, 8.92296569e+06,
 1.78459314e+07, 3.56918627e+07, 7.13837255e+07, 1.42767451e+08,
 2.85534902e+08, 5.71069804e+08, 1.14213961e+09, 2.28427922e+09]
r_grid = [6.33252487e-01, 7.97848139e-01, 1.00522566e+00, 1.26650497e+00,
 1.59569628e+00, 2.01045133e+00, 2.53300995e+00, 3.19139256e+00,
 4.02090266e+00, 5.06601990e+00, 6.38278511e+00, 8.04180532e+00,
 1.01320398e+01, 1.27655702e+01, 1.60836106e+01, 2.02640796e+01,
 2.55311404e+01, 3.21672213e+01, 4.05281592e+01, 5.10622809e+01,
 6.43344425e+01, 8.10563184e+01, 1.02124562e+02, 1.28668885e+02,
 1.62112637e+02, 2.04249124e+02, 2.57337770e+02, 3.24225274e+02,
 4.08498247e+02, 5.14675540e+02, 6.48450547e+02, 8.16996494e+02]

gr0 = [1.89997968e-004, 3.00780272e-003, 4.71118486e-002, 7.22390058e-001,
 1.06153668e+001, 1.43265465e+002, 1.63092710e+003, 1.32099336e+004,
 5.41642610e+004, 5.69137520e+004, 3.92740803e+003, 1.16886311e+000,
 6.47081421e-009, 1.23945140e-026, 2.84217402e-063, 9.34056199e-138,
 6.30518316e-288, 0.00000000e+000, 0.00000000e+000, 0.00000000e+000,
 0.00000000e+000, 0.00000000e+000, 0.00000000e+000, 0.00000000e+000,
 0.00000000e+000, 0.00000000e+000, 0.00000000e+000, 0.00000000e+000,
 0.00000000e+000, 0.00000000e+000, 0.00000000e+000, 0.00000000e+000]
gr9 = [1.61249323e-04, 2.53389137e-03, 3.93082265e-02, 5.96296357e-01,
 8.67038758e+00, 1.16194675e+02, 1.32770086e+03, 1.10104647e+04,
 4.68152065e+04, 5.54706979e+04, 1.32338383e+04, 1.93028752e+03,
 3.00490989e+01, 8.30326382e-37, 0.00000000e+00, 0.00000000e+00,
 0.00000000e+00, 0.00000000e+00, 0.00000000e+00, 0.00000000e+00,
 0.00000000e+00, 0.00000000e+00, 0.00000000e+00, 0.00000000e+00,
 0.00000000e+00, 0.00000000e+00, 0.00000000e+00, 0.00000000e+00,
 0.00000000e+00, 0.00000000e+00, 0.00000000e+00, 0.00000000e+00]
gr36 = [9.45224704e-05, 1.45269527e-03, 2.18849794e-02, 3.21075928e-01,
 4.50901636e+00, 5.87395639e+01, 6.68396328e+02, 5.79989660e+03,
 2.69364296e+04, 3.97864954e+04, 2.62347709e+04, 2.36280980e+04,
 1.04267447e+03, 2.10927862e-57, 0.00000000e+00, 0.00000000e+00,
 0.00000000e+00, 0.00000000e+00, 0.00000000e+00, 0.00000000e+00,
 0.00000000e+00, 0.00000000e+00, 0.00000000e+00, 0.00000000e+00,
 0.00000000e+00, 0.00000000e+00, 0.00000000e+00, 0.00000000e+00,
 0.00000000e+00, 0.00000000e+00, 0.00000000e+00, 0.00000000e+00]
t_bott = [  0.,  10.,  20.,  30.,  40.,  50.,  60.,  70.,  80.,  90., 100., 110.,
 120., 130., 140., 150., 160., 170., 180., 190., 200., 210., 220., 230.,
 240., 250., 260., 270., 280., 290., 300., 310., 320., 330., 340., 350.,
 360.]
M0_bott = [100.02742911,  98.98052741,  97.92593301,  96.86500946,  95.79821332,
  94.72582584,  93.64805969,  92.56509903,  91.47712054,  90.38430637,
  89.28685311,  88.18497819,  87.07892465,  85.96896467,  84.85540204,
  83.7385739 ,  82.61885164,  81.49664126,  80.37238304,  79.24655072,
  78.11965017,  76.99221763,  75.86481746,  74.73803965,  73.61249689,
  72.48882144,  71.36766177,  70.249679  ,  69.13554328,  68.02593001,
  66.92151611,  65.82297634,  64.73097956,  63.6461853 ,  62.56924027,
  61.50077524,  60.44140202]
M1_bott = [30036.86397276, 30036.86117265, 30036.80458719, 30036.57744368,
 30036.04450823, 30035.06136367, 30033.47400263, 30031.11763872,
 30027.81595004, 30023.38091606, 30017.61317518, 30010.30279653,
 30001.2303749 , 29990.16837918, 29976.88270182, 29961.13436766,
 29942.68136763, 29921.28058584, 29896.68979066, 29868.66966091,
 29836.98581868, 29801.41084058, 29761.72621984, 29717.72425241,
 29669.20982192, 29616.00205973, 29557.93585893, 29494.86322354,
 29426.65443739, 29353.19904013, 29274.40660155, 29190.20728876,
 29100.55222432, 29005.41363703, 28904.78480999, 28798.67983414,
 28687.13317768]
M2_bott = [12000792.33848365, 12234682.70100161, 12484937.73369302,
 12749515.89835227, 13028057.27704902, 13320427.78742846,
 13626537.59847476, 13946280.11384713, 14279502.98853617,
 14625992.17817661, 14985462.74206135, 15357553.71732699,
 15741825.72393772, 16137760.56070437, 16544762.35290859,
 16962159.97173722, 17389210.5327749 , 17825103.82809274,
 18268967.57127456, 18719873.34668672, 19176843.15905785,
 19638856.48039512, 20104857.69053725, 20573763.80656845,
 21044472.39574553, 21515869.56705787, 21986837.93836696,
 22456264.47942087, 22923048.13595098, 23386107.14648484,
 23844385.97132308, 24296861.76215032, 24742550.31075276,
 25180511.42604303, 25609853.69977608, 26029738.63269859,
 26439384.10414137]
mprecip_bin = [2.70064725e-01, 1.30911224e+01, 3.59928845e+01, 6.76136763e+01,
 1.08084080e+02, 1.57694686e+02, 2.16745243e+02, 2.85501733e+02,
 3.64179251e+02, 4.52933934e+02, 5.51858936e+02, 6.60982587e+02,
 7.80267915e+02, 9.09613158e+02, 1.04885304e+03, 1.19776070e+03,
 1.35605022e+03, 1.52337960e+03, 1.69935429e+03, 1.88353103e+03,
 2.07542212e+03, 2.27449994e+03, 2.48020181e+03, 2.69193490e+03,
 2.90908138e+03, 3.13100364e+03, 3.35704942e+03, 3.58655699e+03,
 3.81886019e+03, 4.05329329e+03, 4.28919566e+03, 4.52591620e+03,
 4.76281742e+03, 4.99927926e+03, 5.23470252e+03, 5.46851192e+03,
 5.70015879e+03]
