golovin_sourcesink
Tmax, nbin, dt, scal, emin, rhow, B, k1, theta, N0 
[14400, 32, 100.0, 1, 7.091336e-10, 1e-09, 1.5e-09, 3, 100, 0]

v_grid = [1.06370040e+00, 2.12740080e+00, 4.25480160e+00, 8.50960320e+00,
 1.70192064e+01, 3.40384128e+01, 6.80768256e+01, 1.36153651e+02,
 2.72307302e+02, 5.44614605e+02, 1.08922921e+03, 2.17845842e+03,
 4.35691684e+03, 8.71383368e+03, 1.74276674e+04, 3.48553347e+04,
 6.97106694e+04, 1.39421339e+05, 2.78842678e+05, 5.57685355e+05,
 1.11537071e+06, 2.23074142e+06, 4.46148284e+06, 8.92296569e+06,
 1.78459314e+07, 3.56918627e+07, 7.13837255e+07, 1.42767451e+08,
 2.85534902e+08, 5.71069804e+08, 1.14213961e+09, 2.28427922e+09]
r_grid = [6.33252487e-01, 7.97848139e-01, 1.00522566e+00, 1.26650497e+00,
 1.59569628e+00, 2.01045133e+00, 2.53300995e+00, 3.19139256e+00,
 4.02090266e+00, 5.06601990e+00, 6.38278511e+00, 8.04180532e+00,
 1.01320398e+01, 1.27655702e+01, 1.60836106e+01, 2.02640796e+01,
 2.55311404e+01, 3.21672213e+01, 4.05281592e+01, 5.10622809e+01,
 6.43344425e+01, 8.10563184e+01, 1.02124562e+02, 1.28668885e+02,
 1.62112637e+02, 2.04249124e+02, 2.57337770e+02, 3.24225274e+02,
 4.08498247e+02, 5.14675540e+02, 6.48450547e+02, 8.16996494e+02]

gr0 = [0., 0., 0., 0., 0., 0., 0., 0., 0., 0., 0., 0., 0., 0., 0., 0., 0., 0.,
 0., 0., 0., 0., 0., 0., 0., 0., 0., 0., 0., 0., 0., 0.]
gr36 = [3.17294652e-03, 5.01160973e-02, 7.81208313e-01, 1.18642933e+01,
 1.71054784e+02, 2.22357562e+03, 2.35414536e+04, 1.67885019e+05,
 6.34585981e+05, 6.48217578e+05, 0.00000000e+00, 0.00000000e+00,
 0.00000000e+00, 0.00000000e+00, 0.00000000e+00, 0.00000000e+00,
 0.00000000e+00, 0.00000000e+00, 0.00000000e+00, 0.00000000e+00,
 0.00000000e+00, 0.00000000e+00, 0.00000000e+00, 0.00000000e+00,
 0.00000000e+00, 0.00000000e+00, 0.00000000e+00, 0.00000000e+00,
 0.00000000e+00, 0.00000000e+00, 0.00000000e+00, 0.00000000e+00]
gr144 = [3.52340133e-03, 5.55870949e-02, 8.64388440e-01, 1.30655750e+01,
 1.86688681e+02, 2.38775519e+03, 2.46249375e+04, 1.70121182e+05,
 6.37652546e+05, 6.48012599e+05, 0.00000000e+00, 0.00000000e+00,
 0.00000000e+00, 0.00000000e+00, 0.00000000e+00, 0.00000000e+00,
 0.00000000e+00, 0.00000000e+00, 0.00000000e+00, 0.00000000e+00,
 0.00000000e+00, 0.00000000e+00, 0.00000000e+00, 0.00000000e+00,
 0.00000000e+00, 0.00000000e+00, 0.00000000e+00, 0.00000000e+00,
 0.00000000e+00, 0.00000000e+00, 0.00000000e+00, 0.00000000e+00]
t_bott = [    0.,   100.,   200.,   300.,   400.,   500.,   600.,   700.,   800.,
   900.,  1000.,  1100.,  1200.,  1300.,  1400.,  1500.,  1600.,  1700.,
  1800.,  1900.,  2000.,  2100.,  2200.,  2300.,  2400.,  2500.,  2600.,
  2700.,  2800.,  2900.,  3000.,  3100.,  3200.,  3300.,  3400.,  3500.,
  3600.,  3700.,  3800.,  3900.,  4000.,  4100.,  4200.,  4300.,  4400.,
  4500.,  4600.,  4700.,  4800.,  4900.,  5000.,  5100.,  5200.,  5300.,
  5400.,  5500.,  5600.,  5700.,  5800.,  5900.,  6000.,  6100.,  6200.,
  6300.,  6400.,  6500.,  6600.,  6700.,  6800.,  6900.,  7000.,  7100.,
  7200.,  7300.,  7400.,  7500.,  7600.,  7700.,  7800.,  7900.,  8000.,
  8100.,  8200.,  8300.,  8400.,  8500.,  8600.,  8700.,  8800.,  8900.,
  9000.,  9100.,  9200.,  9300.,  9400.,  9500.,  9600.,  9700.,  9800.,
  9900., 10000., 10100., 10200., 10300., 10400., 10500., 10600., 10700.,
 10800., 10900., 11000., 11100., 11200., 11300., 11400., 11500., 11600.,
 11700., 11800., 11900., 12000., 12100., 12200., 12300., 12400., 12500.,
 12600., 12700., 12800., 12900., 13000., 13100., 13200., 13300., 13400.,
 13500., 13600., 13700., 13800., 13900., 14000., 14100., 14200., 14300.,
 14400.]
M0_bott = [   0.        ,   99.194217  ,  197.66461758,  293.99344153,  386.86973705,
  475.16126151,  557.96642066,  634.64184041,  704.8054329 ,  768.31847175,
  825.25250447,  875.84769796,  920.46867916,  959.56258733,  993.62241217,
 1023.15715107, 1048.66910332, 1070.63780123, 1089.5096246 , 1105.69197341,
 1119.55089056, 1131.41115038, 1141.55799941, 1150.23991339, 1157.67189682,
 1164.03898832, 1169.49974406, 1174.18955459, 1178.22371081, 1181.70017794,
 1184.70206495, 1187.29979582, 1189.55300007, 1191.51214638, 1193.21994538,
 1194.71254853, 1196.02056847, 1197.16994482, 1198.18267682, 1199.07744215,
 1199.87011871, 1200.57422399, 1201.20128484, 1201.76114824, 1202.26224261,
 1202.71179728, 1203.11602698, 1203.48028679, 1203.80920247, 1204.10678   ,
 1204.37649784, 1204.6213845 , 1204.84408409, 1205.04691146, 1205.23189893,
 1205.40083572, 1205.5553014 , 1205.69669423, 1205.82625533, 1205.94508917,
 1206.05418112, 1206.15441243, 1206.24657307, 1206.33137276, 1206.40945051,
 1206.48138278, 1206.5476906 , 1206.60884578, 1206.66527623, 1206.71737065,
 1206.76548269, 1206.8099345 , 1206.8510199 , 1206.88900723, 1206.92414179,
 1206.95664806, 1206.98673164, 1207.01458101, 1207.0403691 , 1207.06425469,
 1207.08638364, 1207.10689005, 1207.12589728, 1207.14351887, 1207.15985935,
 1207.17501504, 1207.18907472, 1207.20212022, 1207.21422705, 1207.22546486,
 1207.23589797, 1207.24558574, 1207.25458302, 1207.26294047, 1207.27070492,
 1207.27791966, 1207.28462471, 1207.29085708, 1207.29665103, 1207.30203824,
 1207.30704804, 1207.31170757, 1207.31604199, 1207.32007457, 1207.32382687,
 1207.32731889, 1207.33056913, 1207.33359475, 1207.33641167, 1207.33903464,
 1207.34147734, 1207.34375246, 1207.34587177, 1207.34784619, 1207.34968586,
 1207.35140019, 1207.35299791, 1207.35448714, 1207.35587541, 1207.35716971,
 1207.35837654, 1207.35950194, 1207.36055152, 1207.3615305 , 1207.36244373,
 1207.3632957 , 1207.36409063, 1207.36483239, 1207.36552461, 1207.36617067,
 1207.36677371, 1207.36733664, 1207.36786219, 1207.36835287, 1207.36881105,
 1207.36923892, 1207.36963851, 1207.37001173, 1207.37036035, 1207.37068602,
 1207.37099027, 1207.37127453, 1207.37154015, 1207.37178836, 1207.37202031]
M1_bott = [     0.        ,  29129.16997474,  58036.6256486 ,  86289.11548182,
 113487.91085355, 139290.88716204, 163428.1372672 , 185709.85976876,
 206026.6182188 , 224343.18794527, 240687.88203051, 255139.43302183,
 267813.29543715, 278848.78746908, 288397.96995619, 296616.68569935,
 303657.8163174 , 309666.57366445, 314777.51470061, 319112.92520358,
 322782.22948826, 325882.12552143, 328497.19940055, 330700.82856716,
 332556.23299575, 334117.57520406, 335431.04277463, 336535.87187735,
 337465.28828977, 338247.3549949 , 338905.72387404, 339460.29438782,
 339927.78532604, 340322.22737642, 340655.38491504, 340937.11541921,
 341175.67450381, 341377.97395966, 341549.79944743, 341695.99374702,
 341820.61072982, 341927.04453566, 342018.13781208, 342096.27231678,
 342163.44469326, 342221.32980306, 342271.33362922, 342314.63744948,
 342352.23470827, 342384.96178723, 342413.52368053, 342438.51541736,
 342460.43993637, 342479.72300111, 342496.72564835, 342511.7545798 ,
 342525.07083978, 342536.89706431, 342547.42353959, 342556.81326832,
 342565.20620889, 342572.7228251 , 342579.46706105, 342585.52883641,
 342590.98614166, 342595.90679945, 342600.34994696, 342604.36728533,
 342608.00413423, 342611.30032336, 342614.29094748, 342617.007007  ,
 342619.47595251, 342621.72214869, 342623.76727035, 342625.63064135,
 342627.32952531, 342628.87937562, 342630.29405093, 342631.5860015 ,
 342632.76643064, 342633.84543506, 342634.83212715, 342635.73474187,
 342636.56073036, 342637.3168422 , 342638.00919787, 342638.64335277,
 342639.2243538 , 342639.75678971, 342640.24483574, 342640.69229355,
 342641.10262675, 342641.47899285, 342641.82427177, 342642.14109153,
 342642.43185139, 342642.69874257, 342642.94376715, 342643.16875494,
 342643.37537888, 342643.56516894, 342643.73952473, 342643.89972691,
 342644.04694763, 342644.18225992, 342644.30664629, 342644.42100659,
 342644.52616507, 342644.6228769 , 342644.71183407, 342644.79367081,
 342644.86896847, 342644.93826002, 342645.00203419, 342645.06073917,
 342645.11478604, 342645.16455194, 342645.21038286, 342645.2525963 ,
 342645.29148364, 342645.32731237, 342645.360328  , 342645.39075598,
 342645.41880332, 342645.44466016, 342645.46850113, 342645.49048668,
 342645.51076422, 342645.52946921, 342645.54672615, 342645.56264949,
 342645.57734445, 342645.59090776, 342645.60342839, 342645.61498817,
 342645.62566236, 342645.63552023, 342645.64462549, 342645.65303678,
 342645.66080809, 342645.6679891 , 342645.67462558, 342645.68075964,
 342645.6864301 ]
M2_bott = [0.00000000e+00, 1.10118114e+07, 2.19377017e+07, 3.26101324e+07,
 4.28755279e+07, 5.26027959e+07, 6.16892367e+07, 7.00633933e+07,
 7.76849274e+07, 8.45420386e+07, 9.06471876e+07, 9.60319384e+07,
 1.00741639e+08, 1.04830472e+08, 1.08357210e+08, 1.11381820e+08,
 1.13962926e+08, 1.16156054e+08, 1.18012533e+08, 1.19578911e+08,
 1.20896761e+08, 1.22002757e+08, 1.22928920e+08, 1.23702982e+08,
 1.24348794e+08, 1.24886749e+08, 1.25334207e+08, 1.25705882e+08,
 1.26014204e+08, 1.26269647e+08, 1.26481012e+08, 1.26655681e+08,
 1.26799834e+08, 1.26918639e+08, 1.27016407e+08, 1.27096736e+08,
 1.27162620e+08, 1.27216553e+08, 1.27260606e+08, 1.27296501e+08,
 1.27325667e+08, 1.27349289e+08, 1.27368349e+08, 1.27383660e+08,
 1.27395896e+08, 1.27405613e+08, 1.27413270e+08, 1.27419248e+08,
 1.27423858e+08, 1.27427360e+08, 1.27429963e+08, 1.27431844e+08,
 1.27433145e+08, 1.27433983e+08, 1.27434453e+08, 1.27434636e+08,
 1.27434593e+08, 1.27434377e+08, 1.27434030e+08, 1.27433586e+08,
 1.27433072e+08, 1.27432510e+08, 1.27431917e+08, 1.27431308e+08,
 1.27430692e+08, 1.27430079e+08, 1.27429475e+08, 1.27428885e+08,
 1.27428311e+08, 1.27427758e+08, 1.27427226e+08, 1.27426717e+08,
 1.27426232e+08, 1.27425769e+08, 1.27425330e+08, 1.27424914e+08,
 1.27424521e+08, 1.27424149e+08, 1.27423798e+08, 1.27423467e+08,
 1.27423156e+08, 1.27422863e+08, 1.27422587e+08, 1.27422328e+08,
 1.27422084e+08, 1.27421856e+08, 1.27421641e+08, 1.27421440e+08,
 1.27421251e+08, 1.27421074e+08, 1.27420907e+08, 1.27420752e+08,
 1.27420606e+08, 1.27420469e+08, 1.27420340e+08, 1.27420220e+08,
 1.27420107e+08, 1.27420002e+08, 1.27419903e+08, 1.27419810e+08,
 1.27419723e+08, 1.27419642e+08, 1.27419566e+08, 1.27419494e+08,
 1.27419427e+08, 1.27419364e+08, 1.27419306e+08, 1.27419251e+08,
 1.27419199e+08, 1.27419151e+08, 1.27419106e+08, 1.27419063e+08,
 1.27419023e+08, 1.27418986e+08, 1.27418951e+08, 1.27418919e+08,
 1.27418888e+08, 1.27418860e+08, 1.27418833e+08, 1.27418808e+08,
 1.27418784e+08, 1.27418762e+08, 1.27418741e+08, 1.27418722e+08,
 1.27418704e+08, 1.27418687e+08, 1.27418671e+08, 1.27418656e+08,
 1.27418642e+08, 1.27418629e+08, 1.27418616e+08, 1.27418605e+08,
 1.27418594e+08, 1.27418584e+08, 1.27418575e+08, 1.27418566e+08,
 1.27418557e+08, 1.27418550e+08, 1.27418542e+08, 1.27418535e+08,
 1.27418529e+08, 1.27418523e+08, 1.27418517e+08, 1.27418512e+08,
 1.27418507e+08]
mprecip_bin = [0., 0., 0., 0., 0., 0., 0., 0., 0., 0., 0., 0., 0., 0., 0., 0., 0., 0.,
 0., 0., 0., 0., 0., 0., 0., 0., 0., 0., 0., 0., 0., 0., 0., 0., 0., 0.,
 0., 0., 0., 0., 0., 0., 0., 0., 0., 0., 0., 0., 0., 0., 0., 0., 0., 0.,
 0., 0., 0., 0., 0., 0., 0., 0., 0., 0., 0., 0., 0., 0., 0., 0., 0., 0.,
 0., 0., 0., 0., 0., 0., 0., 0., 0., 0., 0., 0., 0., 0., 0., 0., 0., 0.,
 0., 0., 0., 0., 0., 0., 0., 0., 0., 0., 0., 0., 0., 0., 0., 0., 0., 0.,
 0., 0., 0., 0., 0., 0., 0., 0., 0., 0., 0., 0., 0., 0., 0., 0., 0., 0.,
 0., 0., 0., 0., 0., 0., 0., 0., 0., 0., 0., 0., 0., 0., 0., 0., 0., 0.,
 0.]
