golovin
Tmax, nbin, dt, scal, emin, rhow, B, k1, theta, N0 
[14400, 32, 100.0, 1, 7.091336e-10, 1e-09, 1.5e-09, 3, 100, 100]

v_grid = [1.06370040e+00, 2.12740080e+00, 4.25480160e+00, 8.50960320e+00,
 1.70192064e+01, 3.40384128e+01, 6.80768256e+01, 1.36153651e+02,
 2.72307302e+02, 5.44614605e+02, 1.08922921e+03, 2.17845842e+03,
 4.35691684e+03, 8.71383368e+03, 1.74276674e+04, 3.48553347e+04,
 6.97106694e+04, 1.39421339e+05, 2.78842678e+05, 5.57685355e+05,
 1.11537071e+06, 2.23074142e+06, 4.46148284e+06, 8.92296569e+06,
 1.78459314e+07, 3.56918627e+07, 7.13837255e+07, 1.42767451e+08,
 2.85534902e+08, 5.71069804e+08, 1.14213961e+09, 2.28427922e+09]
r_grid = [6.33252487e-01, 7.97848139e-01, 1.00522566e+00, 1.26650497e+00,
 1.59569628e+00, 2.01045133e+00, 2.53300995e+00, 3.19139256e+00,
 4.02090266e+00, 5.06601990e+00, 6.38278511e+00, 8.04180532e+00,
 1.01320398e+01, 1.27655702e+01, 1.60836106e+01, 2.02640796e+01,
 2.55311404e+01, 3.21672213e+01, 4.05281592e+01, 5.10622809e+01,
 6.43344425e+01, 8.10563184e+01, 1.02124562e+02, 1.28668885e+02,
 1.62112637e+02, 2.04249124e+02, 2.57337770e+02, 3.24225274e+02,
 4.08498247e+02, 5.14675540e+02, 6.48450547e+02, 8.16996494e+02]

gr0 = [1.89997968e-004, 3.00780272e-003, 4.71118486e-002, 7.22390058e-001,
 1.06153668e+001, 1.43265465e+002, 1.63092710e+003, 1.32099336e+004,
 5.41642610e+004, 5.69137520e+004, 3.92740803e+003, 1.16886311e+000,
 6.47081421e-009, 1.23945140e-026, 2.84217402e-063, 9.34056199e-138,
 6.30518316e-288, 0.00000000e+000, 0.00000000e+000, 0.00000000e+000,
 0.00000000e+000, 0.00000000e+000, 0.00000000e+000, 0.00000000e+000,
 0.00000000e+000, 0.00000000e+000, 0.00000000e+000, 0.00000000e+000,
 0.00000000e+000, 0.00000000e+000, 0.00000000e+000, 0.00000000e+000]
gr36 = [1.59803678e-004, 2.52845571e-003, 3.95588403e-002, 6.05201446e-001,
 8.85304726e+000, 1.18402043e+002, 1.32374775e+003, 1.03673354e+004,
 4.12869579e+004, 5.38543026e+004, 2.00739604e+004, 2.86983216e+003,
 6.02225267e+001, 9.30647288e-029, 1.55876330e-067, 1.37064012e-146,
 1.63735025e-307, 0.00000000e+000, 0.00000000e+000, 0.00000000e+000,
 0.00000000e+000, 0.00000000e+000, 0.00000000e+000, 0.00000000e+000,
 0.00000000e+000, 0.00000000e+000, 0.00000000e+000, 0.00000000e+000,
 0.00000000e+000, 0.00000000e+000, 0.00000000e+000, 0.00000000e+000]
gr144 = [9.58821754e-005, 1.51529465e-003, 2.36484606e-002, 3.59993318e-001,
 5.21383916e+000, 6.83544363e+001, 7.34481963e+002, 5.34200919e+003,
 1.96560441e+004, 3.21044687e+004, 3.41183640e+004, 2.82661330e+004,
 3.10744295e+003, 1.90051067e-033, 8.30912349e-077, 2.10006391e-165,
 4.94065646e-324, 0.00000000e+000, 0.00000000e+000, 0.00000000e+000,
 0.00000000e+000, 0.00000000e+000, 0.00000000e+000, 0.00000000e+000,
 0.00000000e+000, 0.00000000e+000, 0.00000000e+000, 0.00000000e+000,
 0.00000000e+000, 0.00000000e+000, 0.00000000e+000, 0.00000000e+000]
t_bott = [    0.,   100.,   200.,   300.,   400.,   500.,   600.,   700.,   800.,
   900.,  1000.,  1100.,  1200.,  1300.,  1400.,  1500.,  1600.,  1700.,
  1800.,  1900.,  2000.,  2100.,  2200.,  2300.,  2400.,  2500.,  2600.,
  2700.,  2800.,  2900.,  3000.,  3100.,  3200.,  3300.,  3400.,  3500.,
  3600.,  3700.,  3800.,  3900.,  4000.,  4100.,  4200.,  4300.,  4400.,
  4500.,  4600.,  4700.,  4800.,  4900.,  5000.,  5100.,  5200.,  5300.,
  5400.,  5500.,  5600.,  5700.,  5800.,  5900.,  6000.,  6100.,  6200.,
  6300.,  6400.,  6500.,  6600.,  6700.,  6800.,  6900.,  7000.,  7100.,
  7200.,  7300.,  7400.,  7500.,  7600.,  7700.,  7800.,  7900.,  8000.,
  8100.,  8200.,  8300.,  8400.,  8500.,  8600.,  8700.,  8800.,  8900.,
  9000.,  9100.,  9200.,  9300.,  9400.,  9500.,  9600.,  9700.,  9800.,
  9900., 10000., 10100., 10200., 10300., 10400., 10500., 10600., 10700.,
 10800., 10900., 11000., 11100., 11200., 11300., 11400., 11500., 11600.,
 11700., 11800., 11900., 12000., 12100., 12200., 12300., 12400., 12500.,
 12600., 12700., 12800., 12900., 13000., 13100., 13200., 13300., 13400.,
 13500., 13600., 13700., 13800., 13900., 14000., 14100., 14200., 14300.,
 14400.]
M0_bott = [100.02742911,  99.59868531,  99.17095316,  98.74440179,  98.31909998,
  97.89509446,  97.47242112,  97.05110892,  96.63118186,  96.21266016,
  95.79556096,  95.37989893,  94.96568662,  94.55293483,  94.14165282,
  93.73184852,  93.3235287 ,  92.91669912,  92.51136463,  92.10752928,
  91.70519641,  91.30436871,  90.9050483 ,  90.50723678,  90.11093528,
  89.7161445 ,  89.32286477,  88.93109605,  88.54083801,  88.15209001,
  87.76485115,  87.3791203 ,  86.99489611,  86.61217701,  86.23096128,
  85.85124702,  85.47303217,  85.09631455,  84.72109184,  84.34736162,
  83.97512135,  83.60436841,  83.2351001 ,  82.86731363,  82.50100614,
  82.13617472,  81.7728164 ,  81.41092816,  81.05050693,  80.69154961,
  80.33405306,  79.97801412,  79.62342959,  79.27029626,  78.91861089,
  78.56837024,  78.21957105,  77.87221004,  77.52628394,  77.18178947,
  76.83872334,  76.49708226,  76.15686296,  75.81806215,  75.48067655,
  75.14470289,  74.81013791,  74.47697835,  74.14522095,  73.81486249,
  73.48589972,  73.15832944,  72.83214843,  72.5073535 ,  72.18394147,
  71.86190916,  71.54125343,  71.22197112,  70.90405911,  70.58751428,
  70.27233352,  69.95851375,  69.64605188,  69.33494485,  69.02518961,
  68.71678312,  68.40972234,  68.10400427,  67.7996259 ,  67.49658423,
  67.19487629,  66.89449909,  66.59544967,  66.29772509,  66.00132239,
  65.70623864,  65.4124709 ,  65.12001626,  64.82887179,  64.53903459,
  64.25050174,  63.96327035,  63.67733752,  63.39270034,  63.10935594,
  62.82730141,  62.54653387,  62.26705043,  61.98884819,  61.71192426,
  61.43627575,  61.16189977,  60.88879341,  60.61695378,  60.34637795,
  60.07706304,  59.8090061 ,  59.54220422,  59.27665447,  59.01235391,
  58.74929958,  58.48748854,  58.2269178 ,  57.96758441,  57.70948536,
  57.45261766,  57.19697829,  56.94256424,  56.68937246,  56.4373999 ,
  56.18664351,  55.93710019,  55.68876686,  55.44164039,  55.19571768,
  54.95099557,  54.70747091,  54.46514052,  54.2240012 ,  53.98404975,
  53.74528293,  53.5076975 ,  53.27129019,  53.0360577 ,  52.80199675]
M1_bott = [30036.86397276, 30036.86396629, 30036.86382117, 30036.86323464,
 30036.86179321, 30036.85897599, 30036.85415555, 30036.84659779,
 30036.83546144, 30036.81979707, 30036.79854613, 30036.77053987,
 30036.73449825, 30036.68902892, 30036.63262633, 30036.56367085,
 30036.48042805, 30036.38104806, 30036.26356516, 30036.12589735,
 30035.9658462 , 30035.78109673, 30035.56921758, 30035.32766115,
 30035.05376404, 30034.74474756, 30034.39771845, 30034.00966966,
 30033.57748143, 30033.09792235, 30032.56765073, 30031.98321599,
 30031.34106033, 30030.63752038, 30029.86882919, 30029.03111821,
 30028.12041944, 30027.13266784, 30026.06370366, 30024.9092751 ,
 30023.665041  , 30022.32657366, 30020.88936178, 30019.34881358,
 30017.70025991, 30015.9389576 , 30014.06009283, 30012.05878459,
 30009.93008832, 30007.66899952, 30005.27045756, 30002.72934947,
 30000.04051386, 29997.1987449 , 29994.19879635, 29991.03538561,
 29987.70319792, 29984.19689049, 29980.51109678, 29976.64043066,
 29972.5794908 , 29968.32286489, 29963.86513399, 29959.20087686,
 29954.32467427, 29949.23111337, 29943.91479195, 29938.37032282,
 29932.59233801, 29926.57549315, 29920.3144716 , 29913.8039887 ,
 29907.03879596, 29900.01368511, 29892.72349223, 29885.16310171,
 29877.32745026, 29869.21153075, 29860.81039606, 29852.11916284,
 29843.13301515, 29833.84720808, 29824.25707125, 29814.35801226,
 29804.14551996, 29793.61516776, 29782.76261673, 29771.58361866,
 29760.07401897, 29748.22975959, 29736.04688166, 29723.52152815,
 29710.64994638, 29697.4284904 , 29683.8536233 , 29669.92191933,
 29655.63006601, 29640.97486599, 29625.95323894, 29610.56222319,
 29594.79897735, 29578.66078171, 29562.14503965, 29545.24927879,
 29527.97115216, 29510.3084391 , 29492.25904622, 29473.82100806,
 29454.99248776, 29435.77177761, 29416.15729938, 29396.14760468,
 29375.74137508, 29354.93742223, 29333.7346878 , 29312.13224333,
 29290.12929001, 29267.7251583 , 29244.91930752, 29221.71132524,
 29198.10092673, 29174.08795415, 29149.67237576, 29124.85428502,
 29099.63389955, 29074.0115601 , 29047.98772937, 29021.56299078,
 28994.73804712, 28967.51371925, 28939.89094458, 28911.87077557,
 28883.45437817, 28854.64303015, 28825.43811944, 28795.84114233,
 28765.85370171, 28735.47750521, 28704.71436327, 28673.56618723,
 28642.03498735, 28610.12287077, 28577.83203947, 28545.16478818,
 28512.12350225]
M2_bott = [12000792.33848365, 12100619.59560243, 12201994.46675126,
 12304622.66805827, 12408425.98895731, 12513364.69450254,
 12619414.07606515, 12726557.11037426, 12834781.29476935,
 12944077.0060966 , 13054436.53881414, 13165853.48992959,
 13278322.33952854, 13391838.15030515, 13506396.34396668,
 13621992.52975957, 13738622.36977053, 13856281.47105419,
 13974965.29789261, 14094669.09953567, 14215387.85010231,
 14337116.19821567, 14459848.42456143, 14583578.40599323,
 14708299.58512254, 14834004.9445602 , 14960686.9851486 ,
 15088337.70765292, 15216948.59747981, 15346510.61206884,
 15477014.17066273, 15608449.14621023, 15740804.85919406,
 15874070.07320676, 16008232.99212269, 16143281.25873461,
 16279201.95474021, 16415981.60197771, 16553606.1648213 ,
 16692061.05365669, 16831331.12936528, 16971400.7087522 ,
 17112253.57085917, 17253872.96410822, 17396241.6142263 ,
 17539341.73290457, 17683155.02714908, 17827662.70928247,
 17972845.50755819, 18118683.67735136, 18265157.01289155,
 18412244.8595047 , 18559926.12633257, 18708179.29949937,
 18856982.45569632, 19006313.27615578, 19156149.06098742,
 19306466.74384988, 19457242.9069319 , 19608453.79621739,
 19760075.33701013, 19912083.14969354, 20064452.5657021 ,
 20217158.6436813 , 20370176.18581332, 20523479.75428645,
 20677043.68788625, 20830842.11868738, 20984848.98882505,
 21139038.06732555, 21293382.96697606, 21447857.1612137 ,
 21602434.00101504, 21757086.73176671, 21911788.51009918,
 22066512.42066542, 22221231.49284699, 22375918.71737036,
 22530547.06281685, 22685089.49200979, 22839518.97826328,
 22993808.52147696, 23147931.16406205, 23301860.0066843 ,
 23455568.22380962, 23609029.07903924, 23762215.94022118,
 23915102.29432574, 24067661.76207281, 24219868.11229968,
 24371695.27605837, 24523117.36043193, 24674108.66205982,
 24824643.680363  , 24974697.13045977, 25124243.95576399,
 25273259.34025795, 25421718.72043248, 25569597.79688743,
 25716872.54558654, 25863519.22876075, 26009514.40545479,
 26154834.94171238, 26299458.02039594, 26443361.15063706,
 26586522.17691465, 26728919.28775816, 26870531.02407364,
 27011336.28709108, 27151314.34593184, 27290444.8447954 ,
 27428707.80976541, 27566083.65523502, 27702553.18995234,
 27838097.62268705, 27972698.56751986, 28106338.04875649,
 28238998.50546883, 28370662.79566587, 28501314.20009747,
 28630936.42569465, 28759513.60865006, 28887030.3171428 ,
 29013471.55371236, 29138822.75728615, 29263069.80486584,
 29386199.01287807, 29508197.13819486, 29629051.37882996,
 29748749.37431703, 29867279.20577611, 29984629.39567506,
 30100788.90729243, 30215747.143889  , 30329493.94759511,
 30442019.59802068, 30553314.81059571, 30663370.73464864,
 30772178.95123   , 30879731.47068945, 30986020.73001355,
 31091039.58993261, 31194781.33180409, 31297239.65428076,
 31398408.66977166]
mprecip_bin = [2.70064725e-01, 3.36006639e+00, 7.51119825e+00, 1.24951503e+01,
 1.82760429e+01, 2.48493423e+01, 3.22211942e+01, 4.04022555e+01,
 4.94052072e+01, 5.92435687e+01, 6.99310650e+01, 8.14812642e+01,
 9.39073560e+01, 1.07222011e+02, 1.21437289e+02, 1.36564578e+02,
 1.52614548e+02, 1.69597129e+02, 1.87521488e+02, 2.06396013e+02,
 2.26228313e+02, 2.47025205e+02, 2.68792721e+02, 2.91536103e+02,
 3.15259806e+02, 3.39967507e+02, 3.65662106e+02, 3.92345732e+02,
 4.20019755e+02, 4.48684790e+02, 4.78340708e+02, 5.08986647e+02,
 5.40621019e+02, 5.73241524e+02, 6.06845160e+02, 6.41428235e+02,
 6.76986382e+02, 7.13514567e+02, 7.51007108e+02, 7.89457682e+02,
 8.28859346e+02, 8.69204546e+02, 9.10485135e+02, 9.52692385e+02,
 9.95817006e+02, 1.03984916e+03, 1.08477846e+03, 1.13059403e+03,
 1.17728447e+03, 1.22483789e+03, 1.27324196e+03, 1.32248387e+03,
 1.37255038e+03, 1.42342784e+03, 1.47510217e+03, 1.52755893e+03,
 1.58078330e+03, 1.63476010e+03, 1.68947383e+03, 1.74490865e+03,
 1.80104842e+03, 1.85787672e+03, 1.91537686e+03, 1.97353188e+03,
 2.03232460e+03, 2.09173760e+03, 2.15175327e+03, 2.21235379e+03,
 2.27352119e+03, 2.33523731e+03, 2.39748388e+03, 2.46024247e+03,
 2.52349456e+03, 2.58722152e+03, 2.65140462e+03, 2.71602509e+03,
 2.78106409e+03, 2.84650273e+03, 2.91232211e+03, 2.97850329e+03,
 3.04502734e+03, 3.11187535e+03, 3.17902843e+03, 3.24646770e+03,
 3.31417437e+03, 3.38212967e+03, 3.45031493e+03, 3.51871154e+03,
 3.58730100e+03, 3.65606489e+03, 3.72498493e+03, 3.79404294e+03,
 3.86322090e+03, 3.93250089e+03, 4.00186519e+03, 4.07129620e+03,
 4.14077650e+03, 4.21028885e+03, 4.27981620e+03, 4.34934167e+03,
 4.41884859e+03, 4.48832050e+03, 4.55774113e+03, 4.62709445e+03,
 4.69636465e+03, 4.76553612e+03, 4.83459353e+03, 4.90352174e+03,
 4.97230588e+03, 5.04093132e+03, 5.10938369e+03, 5.17764886e+03,
 5.24571297e+03, 5.31356241e+03, 5.38118384e+03, 5.44856419e+03,
 5.51569065e+03, 5.58255069e+03, 5.64913205e+03, 5.71542274e+03,
 5.78141106e+03, 5.84708556e+03, 5.91243509e+03, 5.97744877e+03,
 6.04211600e+03, 6.10642647e+03, 6.17037014e+03, 6.23393723e+03,
 6.29711826e+03, 6.35990404e+03, 6.42228562e+03, 6.48425436e+03,
 6.54580188e+03, 6.60692007e+03, 6.66760110e+03, 6.72783740e+03,
 6.78762169e+03, 6.84694694e+03, 6.90580638e+03, 6.96419352e+03,
 7.02210211e+03, 7.07952618e+03, 7.13646000e+03, 7.19289810e+03,
 7.24883525e+03]
