means = [2.0794415416798357, 3.458959752337636, 4.838477962995436, 6.217996173653236, 7.597514384311037, 8.977032594968836, 10.356550805626638, 11.736069016284437]
stddevs = [3.458959752337636, 3.458959752337636, 2.7590364213156007, 2.7590364213156002, 2.7590364213156002, 2.7590364213156002, 2.759036421315601, 2.759036421315601]
times = [0.0, 0.4907629528939131, 5.398392481833044, 54.474687771224346, 100.6067267507359, 531.9987739815078, 1203.2385909631944, 2022.4486094694498, 3092.3052747020274, 4415.063617326215, 6068.000803754258, 8106.768928204112, 9507.69657104815, 12385.835460467813, 14400.0]
M_0 = [159.67780044531602, 159.67294060050685, 159.62434488844428, 159.1510561927499, 158.70945536629912, 154.54736480245472, 148.01260442253465, 140.07853538424047, 130.01368018562536, 118.31541628144373, 105.10104262875652, 90.84752663291145, 81.707230851503, 64.85745401220773, 54.76639642092623]
M_1 = [42941.872565789185, 42942.643833520364, 42950.34478982144, 43034.1992003614, 43192.5043092064, 44539.828133807525, 46188.052375078936, 47551.24058566784, 48469.140144760124, 48643.57619630359, 47991.866542391, 50892.3418251154, 53179.28708467477, 56314.668339033946, 59177.07173089184]
M_2 = [5.743964761329807e7, 5.750753806630364e7, 5.81855766759448e7, 5.785936917797696e7, 5.956746694994621e7, 7.528632827371857e7, 9.913874823600993e7, 1.2818383703586994e8, 1.681782569449345e8, 2.248343561038252e8, 3.126182176076011e8, 4.72812235974915e8, 6.231987525149657e8, 1.0207358156817876e9, 1.4098524867159746e9]
c_init = [2.311780821305947, 113.35526036390918, 0.02667431114585921, 54.55438622239688, 0.014945604211990527, 0.006988759370427873, 0.002381249666404504, 0.002350614341823915]
c_final = [1.5727710220275124, 34.99445921666308, 1.0114746657251896, 13.163441942297064, 5.57952324418307, 1.9064759051576963, 0.1318880972281424, 0.22414570843716472]
t_precip = [0.0, 145.45454545454547, 290.90909090909093, 436.3636363636364, 581.8181818181819, 727.2727272727273, 872.7272727272727, 1018.1818181818181, 1163.6363636363637, 1309.090909090909, 1454.5454545454545, 1600.0, 1745.4545454545455, 1890.909090909091, 2036.3636363636363, 2181.818181818182, 2327.2727272727275, 2472.7272727272725, 2618.181818181818, 2763.6363636363635, 2909.090909090909, 3054.5454545454545, 3200.0, 3345.4545454545455, 3490.909090909091, 3636.3636363636365, 3781.818181818182, 3927.2727272727275, 4072.7272727272725, 4218.181818181818, 4363.636363636364, 4509.090909090909, 4654.545454545455, 4800.0, 4945.454545454545, 5090.909090909091, 5236.363636363636, 5381.818181818182, 5527.272727272727, 5672.727272727273, 5818.181818181818, 5963.636363636364, 6109.090909090909, 6254.545454545455, 6400.0, 6545.454545454545, 6690.909090909091, 6836.363636363636, 6981.818181818182, 7127.272727272727, 7272.727272727273, 7418.181818181818, 7563.636363636364, 7709.090909090909, 7854.545454545455, 8000.0, 8145.454545454545, 8290.90909090909, 8436.363636363636, 8581.818181818182, 8727.272727272728, 8872.727272727272, 9018.181818181818, 9163.636363636364, 9309.09090909091, 9454.545454545454, 9600.0, 9745.454545454546, 9890.90909090909, 10036.363636363636, 10181.818181818182, 10327.272727272728, 10472.727272727272, 10618.181818181818, 10763.636363636364, 10909.09090909091, 11054.545454545454, 11200.0, 11345.454545454546, 11490.90909090909, 11636.363636363636, 11781.818181818182, 11927.272727272728, 12072.727272727272, 12218.181818181818, 12363.636363636364, 12509.09090909091, 12654.545454545454, 12800.0, 12945.454545454546, 13090.90909090909, 13236.363636363636, 13381.818181818182, 13527.272727272728, 13672.727272727272, 13818.181818181818, 13963.636363636364, 14109.09090909091, 14254.545454545454, 14400.0]
m_precip = [17473.893770652703, 18145.332998057693, 18887.414210144376, 19602.291905602262, 20290.374865924547, 20952.113426447006, 21587.996614324973, 22198.543793463137, 22784.303332819563, 23345.85049304377, 23883.782247409006, 24398.715213346328, 24891.277807549905, 25362.10993718264, 25811.862948394253, 26241.192917125984, 26650.763066817308, 27041.2382246751, 27413.279317840832, 27767.54337338955, 28104.683518330836, 28425.34897960815, 28730.181946556128, 29019.812999840622, 29294.867393890756, 29555.95701198742, 29803.679990278793, 30038.620717778227, 30261.349836366164, 30472.424240788176, 30672.38707865689, 30861.766827984728, 31041.074413900085, 31210.806661603183, 31371.444263188143, 31523.45154411631, 31667.276463215338, 31803.350612680526, 31932.089218074187, 32053.8911383259, 32169.138865731973, 32278.198525956082, 32381.41696618769, 32478.976010941573, 32570.866220237054, 32878.69833630684, 33343.03613854801, 33805.238175672996, 34264.686394487915, 34720.83651671157, 35173.21803897455, 35621.43423281997, 36065.162144701586, 36504.152595987114, 36938.23018295448, 37367.293276794546, 37791.30287978336, 38210.013083935744, 38623.18320169854, 39030.64534011537, 39432.24109809179, 39827.821566394894, 40217.247327654135, 40600.388456361, 40977.124518868346, 41347.34457339073, 41710.94461274173, 42067.823948390425, 42417.89756709734, 42761.08579827328, 43097.31338125927, 43426.509465326264, 43748.60760967572, 44063.5457834396, 44371.266365679665, 44671.71614538874, 44964.84632148901, 45250.61250283351, 45528.97470820571, 45799.89736631863, 46063.349315816435, 46319.30380527312, 46567.73849319305, 46808.6354480109, 47041.98114809162, 47267.76648173031, 47485.96985974091, 47696.56459943325, 47899.56131560899, 48094.977703521705, 48441.09240750575, 48823.70082970639, 49202.390463845244, 49576.80730307392, 49946.57544430537, 50311.297088213905, 50670.552539235236, 51023.90020556632, 51370.87659916565, 51710.99633575291]
