means = [7.999999999999998, 31.783896188074078, 126.27700711178382, 501.6969106227035, 1993.235315638687, 7919.098043832885, 31462.473766045667, 124999.99999999991]
stddevs = [3.458959752337636, 3.458959752337636, 2.7590364213156007, 2.7590364213156002, 2.7590364213156002, 2.7590364213156002, 2.759036421315601, 2.759036421315601]
times = [0.0, 0.27304293186219186, 0.8654345548913445, 6.413233484730371, 11.785283782254105, 26.660209056490483, 43.72901689812435, 68.02487068876673, 99.03939707475885, 140.98210837296386, 196.8858037776141, 274.53131048582406, 360.0]
M_0 = [79.67549212500677, 79.58738037051528, 79.39733765142473, 77.66716317133472, 76.06821860638023, 71.9767750865316, 67.80772352538955, 62.66122778005813, 57.14336001220575, 51.07204337801818, 44.728605668017295, 38.10743954487066, 32.705165717951985]
M_1 = [30000.490979458405, 30007.34070285568, 30024.0126219649, 30187.40204928832, 30357.188881669575, 30873.074958796013, 31514.09054829911, 32447.250158425657, 33575.90754062936, 34867.635961727116, 36076.006176427916, 36842.40944276199, 36752.10197620588]
M_2 = [2.8061809294351522e7, 2.8143940834193166e7, 2.8336668984650437e7, 3.0201364303254716e7, 3.2103248685846884e7, 3.7758492325414315e7, 4.468642236074477e7, 5.480717902048418e7, 6.739071162920368e7, 8.281454132734159e7, 9.965407060310304e7, 1.1613307043035325e8, 1.267997395419466e8]
c_init = [0.0, 0.0, 47.255278641516504, 32.42021227343498, 0.0, 0.0, 1.2466821793675025e-6, 0.0]
c_final = [0.0, 0.33086823312497265, 6.686510006872871, 16.680577439101057, 9.034722444691942, 0.0, 0.0, 8.215943843876961e-5]
t_precip = [0.0, 3.6363636363636362, 7.2727272727272725, 10.909090909090908, 14.545454545454545, 18.181818181818183, 21.818181818181817, 25.454545454545453, 29.09090909090909, 32.72727272727273, 36.36363636363637, 40.0, 43.63636363636363, 47.27272727272727, 50.90909090909091, 54.54545454545455, 58.18181818181818, 61.81818181818182, 65.45454545454545, 69.0909090909091, 72.72727272727273, 76.36363636363636, 80.0, 83.63636363636364, 87.27272727272727, 90.9090909090909, 94.54545454545455, 98.18181818181819, 101.81818181818181, 105.45454545454545, 109.0909090909091, 112.72727272727273, 116.36363636363636, 120.0, 123.63636363636364, 127.27272727272727, 130.9090909090909, 134.54545454545453, 138.1818181818182, 141.8181818181818, 145.45454545454547, 149.0909090909091, 152.72727272727272, 156.36363636363637, 160.0, 163.63636363636363, 167.27272727272728, 170.9090909090909, 174.54545454545453, 178.1818181818182, 181.8181818181818, 185.45454545454547, 189.0909090909091, 192.72727272727272, 196.36363636363637, 200.0, 203.63636363636363, 207.27272727272728, 210.9090909090909, 214.54545454545453, 218.1818181818182, 221.8181818181818, 225.45454545454547, 229.0909090909091, 232.72727272727272, 236.36363636363637, 240.0, 243.63636363636363, 247.27272727272728, 250.9090909090909, 254.54545454545453, 258.1818181818182, 261.8181818181818, 265.45454545454544, 269.09090909090907, 272.72727272727275, 276.3636363636364, 280.0, 283.6363636363636, 287.27272727272725, 290.90909090909093, 294.54545454545456, 298.1818181818182, 301.8181818181818, 305.45454545454544, 309.09090909090907, 312.72727272727275, 316.3636363636364, 320.0, 323.6363636363636, 327.27272727272725, 330.90909090909093, 334.54545454545456, 338.1818181818182, 341.8181818181818, 345.45454545454544, 349.09090909090907, 352.72727272727275, 356.3636363636364, 360.0]
m_precip = [10307.418249371738, 10583.309404651925, 10864.724379512172, 11150.878852628095, 11441.059622083614, 11734.603365192432, 12030.892683285743, 12329.352876717778, 12629.451063821218, 12930.692567079648, 13232.618621590165, 13534.802749265778, 13836.850563820082, 14138.397168923173, 14439.106496635393, 14738.6685380276, 15036.795482412028, 15333.221715526131, 15627.703819532693, 15920.020215302407, 16209.965352975896, 16497.35440669429, 16782.018280839908, 17063.801358001845, 17342.56149897587, 17618.170042764563, 17890.51180657719, 18159.485085829743, 18424.99843500265, 18686.975904816063, 18945.344643463275, 19200.040029152766, 19451.007271469498, 19698.198409981334, 19941.57231423883, 20181.094683775555, 20416.738048107858, 20648.481766734873, 20876.312029138728, 21100.221522553424, 21320.201180065822, 21536.250703373793, 21748.376064908305, 21956.585725517358, 22160.890634466195, 22361.304229437297, 22557.842436530154, 22750.52367026157, 22939.368833565404, 23124.40131779277, 23305.647002711903, 23483.13425650822, 23656.89393578432, 23826.95938555989, 23993.366439271922, 24156.149131138623, 24315.339712067085, 24470.977639315814, 24623.102757613105, 24771.755182433946, 24916.97530000023, 25058.803767280537, 25197.28151199035, 25332.449732591806, 25464.349898293945, 25593.02374905254, 25718.51329557018, 25840.86081929625, 25960.108872426877, 26076.300277905026, 26189.478129420455, 26299.685791409647, 26406.966899055984, 26511.36535828952, 26612.925345787193, 26711.691308972673, 26807.70724249581, 26901.01313921176, 26991.65136743625, 27079.664525881017, 27165.094806961722, 27247.98399679795, 27328.373475213175, 27406.30421573488, 27481.81678559436, 27554.951345727022, 27625.747650772035, 27694.245049072586, 27760.48248267573, 27824.49848733255, 27886.331192497946, 27946.018321330852, 28003.597190694072, 28059.10471115435, 28112.577386982368, 28164.051316152738, 28213.562190344015, 28261.14529493867, 28306.835509023098, 28350.667305387644]
