# 20 RBF

means = [2.0794415416798357, 2.587685092974815, 3.0959286442697938, 3.604172195564773, 4.112415746859752, 4.620659298154731, 5.12890284944971, 5.637146400744689, 6.145389952039668, 6.653633503334647, 7.161877054629626, 7.670120605924605, 8.178364157219583, 8.686607708514563, 9.194851259809543, 9.70309481110452, 10.2113383623995, 10.71958191369448, 11.227825464989458, 11.736069016284437]
stddevs = [2.587685092974815, 2.587685092974815, 1.016487102589958, 1.016487102589958, 1.0164871025899584, 1.016487102589958, 1.0164871025899576, 1.0164871025899584, 1.0164871025899584, 1.0164871025899576, 1.0164871025899576, 1.0164871025899584, 1.0164871025899576, 1.0164871025899576, 1.0164871025899593, 1.0164871025899576, 1.0164871025899576, 1.0164871025899593, 1.0164871025899576, 1.0164871025899576]
mass computed is 0.0
mass computed is 30000.0
precomputation complete
times: [0.0, 0.16946295704698827, 1.864092527516871, 6.47959905337089, 13.12994691030427, 21.579379982555686, 32.41846423037782, 45.245993760330336, 60.4009147327055, 77.6041090891256, 98.26593923665375, 122.50222504061486, 161.8604937223511, 198.62656165971765, 240.48622713698057, 286.5744363258527, 359.73821102012283, 360.0]
moments: [98.54057171656736 29999.88464316917 4.384477600872634e7; 98.45710775715126 29998.915030086835 4.384935414419203e7; 97.63017671662847 29989.289686239437 4.389624487395978e7; 95.4467769337575 29963.69410296967 4.4033738003713116e7; 92.46707475085832 29928.26101266907 4.425488933325873e7; 88.93924679861486 29885.3904139784 4.457028786205604e7; 84.78918794342282 29833.3962575151 4.5022657285090655e7; 80.35163232751832 29775.546118684564 4.561505097086492e7; 75.67217636915755 29711.54270021855 4.637877325871769e7; 70.97932109662278 29643.732769265665 4.731188585477614e7; 66.05847021056373 29568.092570758952 4.850516702236455e7; 61.0899609422171 29486.247527298834 4.998314574320598e7; 54.439716144967335 29366.488329820884 5.251727109259857e7; 49.414248524637976 29266.715875826543 5.499350880361088e7; 44.714385275137836 29164.668188896576 5.7901486935510464e7; 40.47562965709177 29063.923781758298 6.11753091627496e7; 35.18123866218608 28923.689419771654 6.645706452943175e7; 35.16478032265447 28923.22430545512 6.6476070031610265e7]
c_init = [-7.805362208685081e-7, 0.08424687390243363, 0.14444970022845155, 0.6344907226115178, 2.4568064633114672, 8.21725182949999, 21.86463794195137, 37.98451650833174, 26.038380245439242, 1.1297934271417411, 1.8862195429314415e-7, 4.114629490855887e-7, 0.00019389548247196532, 0.00013687072491141332, 0.00032553372617109903, 0.0004487065793971013, 0.000962600356613222, 0.0009702216206614449, 0.0033251791115707172, 0.0017293807673211133]
c_final = [6.124113308692614e-5, 0.011004942872569565, 0.019049155046617364, 0.08334544867271536, 0.3240261822233384, 1.0834922411379238, 2.948750569545616, 5.609313700504051, 7.372009028486348, 8.043631818874186, 6.495045861508789, 2.887168870141311, 0.3102814808776093, -0.03251853381308362, 0.008916753018159208, -0.001727336124730834, 0.0015254241469231451, 0.0007941780066454431, 0.0030426128106959605, 0.0009433011263308845]
times = [0.0, 0.16946295704698827, 1.864092527516871, 6.47959905337089, 13.12994691030427, 21.579379982555686, 32.41846423037782, 45.245993760330336, 60.4009147327055, 77.6041090891256, 98.26593923665375, 122.50222504061486, 161.8604937223511, 198.62656165971765, 240.48622713698057, 286.5744363258527, 359.73821102012283, 360.0]
M_0 = [98.54057171656736, 98.45710775715126, 97.63017671662847, 95.4467769337575, 92.46707475085832, 88.93924679861486, 84.78918794342282, 80.35163232751832, 75.67217636915755, 70.97932109662278, 66.05847021056373, 61.0899609422171, 54.439716144967335, 49.414248524637976, 44.714385275137836, 40.47562965709177, 35.18123866218608, 35.16478032265447]
M_1 = [29999.88464316917, 29998.915030086835, 29989.289686239437, 29963.69410296967, 29928.26101266907, 29885.3904139784, 29833.3962575151, 29775.546118684564, 29711.54270021855, 29643.732769265665, 29568.092570758952, 29486.247527298834, 29366.488329820884, 29266.715875826543, 29164.668188896576, 29063.923781758298, 28923.689419771654, 28923.22430545512]
M_2 = [4.384477600872634e7, 4.384935414419203e7, 4.389624487395978e7, 4.4033738003713116e7, 4.425488933325873e7, 4.457028786205604e7, 4.5022657285090655e7, 4.561505097086492e7, 4.637877325871769e7, 4.731188585477614e7, 4.850516702236455e7, 4.998314574320598e7, 5.251727109259857e7, 5.499350880361088e7, 5.7901486935510464e7, 6.11753091627496e7, 6.645706452943175e7, 6.6476070031610265e7]



# 15 RBF
means = [2.0794415416798357, 2.769200647008736, 3.458959752337636, 4.148718857666536, 4.838477962995436, 5.528237068324336, 6.217996173653236, 6.907755278982137, 7.597514384311037, 8.287273489639936, 8.977032594968836, 9.666791700297738, 10.356550805626638, 11.046309910955538, 11.736069016284437]
stddevs = [2.769200647008736, 2.769200647008736, 1.3795182106578001, 1.3795182106577997, 1.3795182106578006, 1.3795182106578006, 1.3795182106577997, 1.3795182106578006, 1.3795182106578006, 1.3795182106577997, 1.3795182106577997, 1.3795182106578014, 1.3795182106578014, 1.3795182106577997, 1.3795182106577997]
mass computed is 0.0
mass computed is 30000.0
precomputation complete
times: [0.0, 0.10491829127376953, 1.1541012040114649, 5.1707254878833115, 11.742317135444583, 20.38904935091066, 32.361818233327476, 48.117914711020056, 69.24658959947742, 98.84132180287176, 134.55310959075507, 172.09151102657017, 215.76165263861944, 268.1974809831456, 337.5146680150906, 360.0]
moments: [96.1200183113462 29999.99835371523 1.3157831348684357e7; 96.07098446308075 29999.544534315217 1.3168917548490562e7; 95.58335435725853 29995.01192394098 1.327957638163122e7; 93.76096997058991 29977.75231686278 1.3699456250437003e7; 90.92337478424304 29949.824697726646 1.4371358404944992e7; 87.43942007995179 29913.654553233195 1.5222157691556089e7; 83.03122117967462 29864.646305071667 1.6331950234187331e7; 77.86204082366616 29802.08512877447 1.767333707979768e7; 71.85919879470462 29721.77193162911 1.929263089039383e7; 64.8521950013752 29616.50308075894 2.1339846415885508e7; 58.02241349135769 29501.002586701816 2.3706895610286385e7; 52.23850338920312 29392.859601876036 2.630535704552093e7; 46.80970784380447 29282.655654299608 2.9623293879528347e7; 41.61663334285074 29169.056752654466 3.403515572795192e7; 36.294169785841596 29042.772592260797 4.0331854062955305e7; 34.848526644215 29006.224321869286 4.242018191320436e7]
c_init = [-6.019138267544508e-7, 4.550189112796214e-8, 0.26458780751984956, 3.081912838010189, 13.91439923394419, 54.85847262751747, 24.00064620191532, 4.8522274934680645e-8, -1.7708443570740456e-8, 3.7839903098565557e-10, -3.970971485231851e-8, -2.420805281350034e-8, -1.6327989443664855e-8, -4.549492675781174e-9, -5.59425559296779e-9]
c_final = [0.005384707736579246, -0.007718866245182914, 0.04412252791528454, 0.3925023185210258, 1.9959827722016943, 7.304798605396442, 9.72231925192963, 10.617779477305582, 4.911220255942496, -0.14222159152947572, 0.003741748148771096, 0.002554917578935728, -0.001012809945299484, 0.0002987909484533536, -7.640924296709556e-5]

# 10 RBF
means = [2.0794415416798357, 3.152400149969236, 4.225358758258636, 5.298317366548036, 6.371275974837436, 7.444234583126836, 8.517193191416236, 9.590151799705637, 10.663110407995037, 11.736069016284437]
stddevs = [3.152400149969236, 3.152400149969236, 2.1459172165788005, 2.1459172165788005, 2.1459172165788, 2.1459172165788, 2.1459172165788, 2.145917216578801, 2.1459172165788, 2.1459172165788]
mass computed is 0.0
mass computed is 30000.0
precomputation complete
times: [0.0, 0.24248722728648933, 2.6673595001513823, 8.765751871692895, 17.07562634755491, 27.925015790654726, 41.82558870158276, 58.84940391966009, 78.73821599405963, 101.72767870415599, 132.2869896211863, 170.63747654743003, 220.66344207205512, 286.57702152908706, 360.0]
moments: [94.36247349993987 30000.007061367025 1.7448457153131403e7; 94.25234872847683 30001.04200019973 1.7617270292698562e7; 93.16506991541401 30010.181930729796 1.919706677004599e7; 90.53836731692728 30024.28342168808 2.2357543027071327e7; 87.18877680474928 30026.28194044897 2.5029209228953563e7; 83.1716142288164 30005.91292846099 2.6220769786169715e7; 78.53608450586607 29953.12566763398 2.4920044885823496e7; 73.51898019607012 29863.259956683745 2.0476982327003434e7; 68.41451525069041 29740.93799904913 1.3154717659261255e7; 63.33364874798445 29594.251028385654 3.8216007359773964e6; 57.64562920634601 29411.87710685029 -7.557295082679406e6; 51.80968344223348 29225.02360891099 -1.7672842206197493e7; 45.76940553570708 29066.422307105968 -2.2265522071455378e7; 39.678711084410835 28993.49397821897 -1.4775187120617392e7; 34.55941161913317 29044.639951533893 6.412882489915337e6]
c_init = [1.0923031644363551e-6, 6.561151551136117e-7, 4.985052979909079e-7, 78.44460888051448, 15.917861827377253, 5.836764144295145e-7, 2.592004599747149e-7, 2.388194084207581e-7, 5.0036783644661086e-8, 3.737913412857799e-8]
c_final = [0.11360829611720508, -0.21911152209035994, 0.45394125270244967, 9.344622986729565, 15.898506909867459, 9.974636248638458, -1.1671186833832827, 0.23905382299204242, -0.057238186332235916, 0.013448460068637308]
times = [0.0, 0.24248722728648933, 2.6673595001513823, 8.765751871692895, 17.07562634755491, 27.925015790654726, 41.82558870158276, 58.84940391966009, 78.73821599405963, 101.72767870415599, 132.2869896211863, 170.63747654743003, 220.66344207205512, 286.57702152908706, 360.0]
M_0 = [94.36247349993987, 94.25234872847683, 93.16506991541401, 90.53836731692728, 87.18877680474928, 83.1716142288164, 78.53608450586607, 73.51898019607012, 68.41451525069041, 63.33364874798445, 57.64562920634601, 51.80968344223348, 45.76940553570708, 39.678711084410835, 34.55941161913317]
M_1 = [30000.007061367025, 30001.04200019973, 30010.181930729796, 30024.28342168808, 30026.28194044897, 30005.91292846099, 29953.12566763398, 29863.259956683745, 29740.93799904913, 29594.251028385654, 29411.87710685029, 29225.02360891099, 29066.422307105968, 28993.49397821897, 29044.639951533893]
M_2 = [1.7448457153131403e7, 1.7617270292698562e7, 1.919706677004599e7, 2.2357543027071327e7, 2.5029209228953563e7, 2.6220769786169715e7, 2.4920044885823496e7, 2.0476982327003434e7, 1.3154717659261255e7, 3.8216007359773964e6, -7.557295082679406e6, -1.7672842206197493e7, -2.2265522071455378e7, -1.4775187120617392e7, 6.412882489915337e6]



# 5 RBF
means = [2.0794415416798357, 4.4935984103309865, 6.907755278982137, 9.321912147633286, 11.736069016284437]
stddevs = [4.4935984103309865, 4.4935984103309865, 4.828313737302301, 4.8283137373023, 4.828313737302301]
mass computed is 0.0
mass computed is 30000.0
precomputation complete
times: [0.0, 0.33244969365391064, 3.656946630193017, 36.0879262418615, 101.42870836393877, 186.00251058723626, 296.5891966139567, 360.0]
M_0 = [45.16029395241076, 45.126317310651885, 44.78924357499235, 41.73987714523208, 36.68099602723017, 31.685181847495322, 26.882664225527883, 24.73068529773576]
M_1 = [29992.688900610705, 29972.9939539388, 29777.672581499377, 28019.587080051766, 25178.987077116908, 22576.131393916847, 20448.060138383757, 19686.618720988547]
M_2 = [1.576786792032852e9, 1.5755193031096709e9, 1.5629515109499838e9, 1.450024883269129e9, 1.2683937037758877e9, 1.1031165826390378e9, 9.693329618691007e8, 9.220577607186449e8]
moments: [45.16029395241076 29992.688900610705 1.576786792032852e9; 45.126317310651885 29972.9939539388 1.5755193031096709e9; 44.78924357499235 29777.672581499377 1.5629515109499838e9; 41.73987714523208 28019.587080051766 1.450024883269129e9; 36.68099602723017 25178.987077116908 1.2683937037758877e9; 31.685181847495322 22576.131393916847 1.1031165826390378e9; 26.882664225527883 20448.060138383757 9.693329618691007e8; 24.73068529773576 19686.618720988547 9.220577607186449e8]
c_init = [-2.522374804211273e-9, 46.050577256210595, -1.9402438650661365e-10, -8.242142934177158e-11, 0.7833032166154562]
c_final = [-0.951155688853486, 19.085310676263532, 7.888633226012285, -1.9380005338473494, 1.252891028995413]
